EGFR	EGF	MAP2K1	MAPK1	TP53	MDM2	HRAS	ERBB2	RPS6KA5	ARAF
4.8514290061	0.053836950748500007	14.2486977058	10.7882165866	20.0400235554	8.16694891635	13.8108439377	50.0333553118	0.582957904659	19.688896299
19.6008236822	0.06271643623840001	14.3114936623	9.7752308613	5.987847500780001	3.41498488561	32.7991992798	32.4935627476	0.168621769896	19.5936392563
9.38191632386	1.02563791793	14.6783331667	8.68948569828	23.262067376100006	5.34514444332	32.7613105298	40.0512174395	0.761513385184	42.601941019099996
17.1618822179	0.0212998596451	20.419030755399998	11.7163046437	25.3221423956	9.65813686811	51.9382339216	24.0878381249	1.1619383909799998	30.7208405037
6.00336599362	0.0704351955012	12.444990264300001	8.5770700927	14.615465912100001	18.708474136	17.9000487886	18.2264754803	0.5836891944870001	20.7171508767
3.18019153455	0.035487142024199995	13.5599197803	11.785023971700001	82.70410340560001	5.1718276565	29.6205689254	121.251068641	0.385382587766	13.6898566371
5.80614660066	0.07337913583599999	25.6352682156	8.7517997238	3.10042296025	10.46508898	29.377075246300002	58.900810846899994	0.384541576418	23.1474120732
10.2280427528	0.204072029102	17.1849428311	13.917037896199998	12.905648958399999	8.92047009467	14.3530139521	22.1836155171	1.26305004963	22.612858491
30.1004029588	0.0311713286254	16.374646143699998	10.5539471367	4.19377801775	3.82956032007	143.997931717	7.534045453639998	0.30111983352	24.2196953029
27.2473129842	0.08675738960280001	22.8849522408	10.8006852956	20.8699514819	8.96550371748	24.6571614047	20.221796967	0.294609541622	18.2500627772
4.88034596062	0.0224013874118	14.9130538753	12.4605905087	15.144092408699999	16.0799278645	16.233920213599998	73.5974209039	0.190941927544	15.4531297504
3.46531176042	0.09641951323439997	24.9034008652	6.85508114397	30.7607597065	37.240447619099996	26.1458718568	123.437939537	0.792396057208	34.1688691093
10.271696906399999	0.0457149220194	11.251501572	6.591462154430001	13.477069566900001	20.252040303399998	50.192171530699994	20.1158099843	0.271983987605	26.8728168356
6.022640760630001	0.00861117905743	12.1480129637	8.36603278207	32.519675774899994	7.2584214118100014	44.451027055299996	31.5920055658	0.209322525764	22.6042634205
5.12674488432	0.0965987685453	22.4429122616	14.8579643662	4.0542362323	5.89120003449	21.1922556285	38.4081053715	1.24221803865	18.5073171811
6.4293263320700005	1.39693286458	18.0989199515	11.7941555112	16.770088181800002	9.08661860591	46.65259321550001	21.5281308871	0.13977922055199998	19.4975889376
3.71879803541	0.0531861256654	10.6157044901	4.4400421419	22.4668815821	11.3293780645	41.848444420999996	26.5074940296	0.387858181289	12.042617725
11.9004598146	0.0227967490531	22.586555108200002	8.2958398864	25.961061436399998	5.15040075601	19.2110565099	119.089821052	0.377828612444	24.3282354836
9.68202434686	0.0380638255397	14.8042506655	8.55525908878	36.9734361959	7.677082426339999	50.0262299997	53.5081867944	0.423162809247	15.9656374251
23.0303797786	0.0310663535523	10.8565194832	5.19851469013	6.0739709491400005	5.0608180641199985	100.19216219100001	8.78040531975	0.186045955299	22.1573889931
10.5773465487	0.0	19.9807523948	7.61522597276	12.299227031	3.58747280549	76.47485634569999	9.94077802122	0.116073421166	17.150075166500002
7.307606253989999	0.155345936867	35.324838219	7.3887439005100015	9.876698192889998	5.96597652561	50.4319311871	15.6376506176	0.118468544222	22.231738535500003
3.03495822101	0.0921901634213	12.6463694836	6.788553779630001	14.534532524500001	8.5384863784	22.5086590179	51.4400731978	0.688591958355	24.485850319
5.54550229472	0.0347788468725	9.64261987586	14.0192764743	6.85396172259	3.2975728870200003	18.8723717066	46.4726547105	0.815438521495	15.311133996099999
3.08481420415	0.0423052698434	8.99871579598	5.21335572859	13.6072425657	9.1345477768	49.4571479891	50.8093089953	0.364602580426	10.888784064200001
22.81185781	0.12209779623	17.7225296764	8.22405523986	13.8976347885	39.1210779792	45.50531567220001	25.546377060700003	0.493578094599	25.690504821799998
1.20093045261	0.00355803549342	5.93282399253	3.73655276805	29.1609348221	3.13705714037	53.79470435100001	45.3786448241	0.425371317762	8.55352638482
76.50070339930001	0.56354827177	17.5339207239	8.975990613710001	35.9845517852	9.08278211057	81.9754346044	22.8490161233	0.362172577746	14.949290884100002
5.1907246350400005	0.0176477203791	18.2715191728	10.3873445332	17.3619492647	10.248210586499999	30.467016847399996	40.099712797399995	0.579519541171	17.6919360311
9.46228759655	0.0940957486122	18.737804819100003	11.681523329100001	23.026842298400002	3.77892297913	18.861489834100002	87.5316470582	0.195030066731	16.905166104
75.89746420649999	0.0230249253645	16.5183796701	10.1691408571	18.3203310816	4.9331996086	10.881090416600001	200.97542211299998	0.496456905817	15.199132407
3.6791778979	0.08676587980049999	17.840695642300005	6.25359912204	24.2238487658	8.79148592974	26.0932705738	38.3606174585	0.608770173152	16.0010714696
6.116937352280001	0.101837391572	18.430115236600003	10.9241447078	8.233435708430001	4.99623326362	28.5013039716	7.01279846788	0.13713634217700002	21.3134065214
29.348469126599998	0.026120251444	18.4561881854	5.50592135083	9.36541305833	4.52958903371	31.291293401599997	49.3637688239	0.371341997346	18.931508746800002
5.23320464558	0.0147260039205	9.94912760993	7.09369477252	25.9549401454	4.62075470035	36.0977902649	40.6197228182	0.0837959070923	16.666966221099994
9.616100787	0.0539881925527	16.7541134508	12.783422829700001	19.6034933193	6.20766912205	14.599188690999998	35.9584462542	0.321605378373	22.8443694379
9.446559012060002	0.01132404509	17.337915366	6.7060700001	20.2600439423	3.59640683306	39.6684842084	14.988826532200001	0.33866243780999994	15.6363973594
6.32128940424	0.0306345888575	6.790887237690001	4.8298820866100005	25.6606609662	7.476531242310001	82.0647793305	26.922614633000002	0.203769515635	16.7149561648
47.8465091819	1.80900067565	14.397285891900001	7.894921364810001	31.2110022129	4.83681992577	65.8036495663	7.9274219598	0.13704030125	15.4710944622
6.76020219916	0.0983899489434	21.4067857894	9.53184684399	22.0602283269	11.0162526405	37.302993853800004	28.704808459499997	0.640281965475	16.606415191
20.5246522147	0.0567180435954	9.60879799348	11.710424760699999	25.6483935793	12.1238244749	39.537862535100004	49.834189523	1.3802820015	26.266114958299998
3.83472205434	0.010528145503	20.0261880098	8.28232238722	18.142297733499998	4.97171583584	38.4808942456	33.3342186778	0.331533489082	14.4431279897
12.447766863699998	0.0460096409896	24.579163555500003	19.1404137332	26.522228178699997	2.66280017285	32.8808556967	10.821207277100001	0.4797737415	27.7166169056
11.3003415774	0.269897790128	18.6120504239	10.952010137	26.7757275105	11.052920703900002	111.68508292700001	18.23833135	0.58817242923	20.7558101803
3.15140643454	0.0313531168538	11.2493037777	7.922283495519999	10.163856429099999	3.10808351242	18.0806609736	486.616873372	0.547354223836	14.5230187202
15.906220234000001	0.863696492051	17.1260940061	22.2844306996	15.3089808602	21.905846391799997	30.0540784573	16.6256089003	1.4654217616	19.5908931466
13.112233168	0.0552709200119	26.1466287933	7.57635527408	18.0149994343	4.55912329378	70.378907929	16.5015355709	0.757267022599	13.750656808199999
77.4994091346	0.032718509369000004	8.9475369757	9.1288957684	38.9116510352	3.52242880862	41.3523329955	49.5980865901	0.727846602286	21.820362118800002
2.49565369413	0.029460285134400008	16.0959461518	6.19404833893	6.35613286299	2.51042602513	32.3815282364	26.6601131482	0.17317262651299994	19.280904064
53.226322254799996	0.111321240663	31.566384009	32.1936779555	14.8595260321	11.420854360999998	9.887002894550001	18.7888454594	0.672661813766	5.38440824522
11.3523729298	0.0230688821393	8.798688896789997	9.01161633619	40.0489904288	24.516463183699997	43.454980202	44.6173459109	0.210286389518	10.2658630107
11.6615512619	0.00316184815881	11.7297517932	7.662926447769999	41.432651017800005	31.1541534781	25.1718978418	43.625519247700005	0.298352407368	24.7706787508
8.66086193505	0.037562498126	13.071574475899999	11.74311487	43.6590239058	12.0725346843	24.6200159081	57.2148828205	0.408809861912	17.339575237000002
5.691217770140001	0.00440994514276	14.505406488299998	7.38656980629	15.184870773399998	1.81583685901	43.9398585099	50.0471129511	0.644162306177	11.488164083800001
17.2481596134	2.42842800403	13.5249067251	10.739503453900001	37.4220554319	22.014659711100002	18.7998828927	12.762345573900001	1.27511508183	23.6467407059
29.7796560544	0.0699337803645	11.146914463800002	13.7964678358	30.011775490399998	5.16858187105	40.8584190834	12.537762836199999	0.132581115927	28.1020355758
14.286557211500002	0.680618411511	14.1624528628	11.172500086500001	10.5179923699	4.42263040194	20.379486418800003	11.3800592967	0.604048780826	24.8207299359
0.810951608337	0.0311905390319	18.999323369000003	8.09193081079	8.42740583869	6.1006312195	26.5201944213	6.0626927018400005	0.233363993248	26.381602017600002
17.6020701951	0.0743735090442	11.3582981802	9.64057055002	13.651265472	9.88458405658	26.3631764602	37.4039053175	0.398735861445	26.341879375100003
12.611000488499998	0.101981633662	11.7971180209	11.513616474400001	13.9840402394	13.214546524000001	31.6504665897	43.1709234365	0.640958901347	22.1987941971
6.3201823048399985	0.0	14.9481227599	7.41849355783	22.961103687199998	15.5626387425	40.5144462154	19.906820033800003	0.481229889826	18.5514049123
6.5944955583599985	0.7307535348309999	18.2359108008	9.32601794618	29.2322571472	251.444116022	37.9000109216	13.791536291500002	0.333515497191	15.6124207048
7.7174088106399985	0.156377708343	14.014826734000001	9.97746285303	29.0527448735	5.40708327508	37.3154241392	72.25919957939999	0.730632827436	27.4051503789
43.5137267636	0.213923416419	16.8811873705	11.4161661302	11.1040035649	5.88754320406	29.2617533348	32.3105761126	0.15975227994000002	21.8035932289
4.12269081836	0.0173628322742	17.06528072	11.0870519528	2.19698750482	4.20554461143	30.4932433996	74.77387388380002	0.382046274878	20.519767066900002
25.0336857585	0.0143668016457	22.2463750994	9.838406298189998	25.722528870500003	6.10909805477	20.795643167799998	13.712834235399999	0.239170681819	18.181954253900003
19.0720043679	0.113112695555	21.749544860700002	15.796839928099999	7.588377137819999	2.67977680543	46.8949148789	12.9791892574	0.723273848747	32.9366250613
18.2459534078	0.0184705648439	32.581582831700004	15.234308761400001	36.2439028854	9.52763044093	23.439565214	11.5095325345	1.17235428765	11.9091723047
2.63340562882	0.0136313595861	14.7753022672	9.25618657824	22.6551868741	40.9867507103	33.2155304723	27.847872236500002	0.110451410472	11.687194798
3.09688174571	0.130798083531	21.1123924077	8.889406125	24.8866767686	6.63642680186	18.5498934567	43.3361795567	0.318772833245	28.1307705185
24.338373073400003	0.0990887980876	19.375661834200002	12.192425927	12.712098642599999	13.7553496768	53.647531525699996	11.3245327699	1.07597477145	18.2700692411
1.65837592521	0.0163548406945	22.812284576	8.1435142781	19.2659992217	8.02147146415	30.2672173698	918.107768553	0.381293532881	21.3593502355
2.51727749049	0.0175743428315	9.85401210266	7.323547712210001	17.1119380284	3.54113209959	33.743752505500005	101.671254255	0.17961867676399998	26.6986607385
2.1518766308	0.00608971267847	11.0475893173	6.71452063737	42.9235873635	5.09229936306	63.7156126717	42.9205306753	0.255688423155	25.8384631214
2.55011430747	0.0	11.4772914375	6.41189306639	17.602885034	3.2890082316400004	39.8158798469	78.1259515957	0.112088597426	15.3281066519
29.3105365485	0.0	18.2290424866	5.84785279427	4.51204110371	3.995081813430001	45.249994758999996	30.293540186799998	0.125839055259	15.4895364795
9.70063341631	0.0369015771477	16.6281608755	9.5717632454	28.4708793256	93.1201999558	19.5120572327	63.9368181204	0.153455779541	23.693996399
6.262887537159999	0.0	21.2414930544	11.7140905707	17.4482054853	5.98592222662	31.155067379400002	51.4395629403	0.303849131355	14.0225446904
8.734603500239999	0.00772615542395	17.1016795732	6.451786200290001	33.3387610953	152.050593801	46.3551343581	30.0696579281	0.458425103688	13.7327516879
2.78609206907	0.0339413546075	12.8191000053	19.634368738800003	45.1437595516	4.58283084505	14.5657605046	1433.23445632	0.754335335037	19.867218378
21.8991254129	0.0271861563721	11.0610081936	8.44444745717	17.7253627971	5.62990101998	52.966113261400004	9.95770089301	0.578588035322	24.3647202128
4.479161725869999	0.07971904501799999	12.307026351700001	8.449230890139999	20.209784816400003	3.0631129190599995	18.1404992922	16.000267511300002	0.499976640355	26.3250864672
0.931830006332	0.0174184215818	11.1908802101	5.2203352133	35.6420092586	5.50779991611	29.7507188661	132.544226214	0.182195039583	16.1819945123
14.4149062928	1.00228606593	14.2493283671	9.10400755997	46.513913368100006	7.094259257969999	20.2648437521	10.069567838400001	0.905951934801	31.088665591599998
15.530080408699998	0.0	8.98126161832	14.132226642100001	6.06436906363	5.26663653678	36.9935959092	223.24178957900003	0.144523909294	27.6192519167
9.7188045314	0.038387168354300005	16.2590920968	16.7850501085	26.1473586996	93.9314363842	16.6911330133	128.255882146	0.907675298068	21.2814195254
66.30033073850001	0.06533639980980001	21.959346709499997	32.8099601809	18.5919174377	21.7816848523	7.34128809902	21.5187854164	1.58965609868	5.69615301789
6.45525849172	0.151316539454	20.5372181023	11.924673524000001	20.8660947106	17.4300813669	23.149248794499997	56.7253874444	0.208786863727	29.2844312944
8.063486381839999	1.29621975165	16.035239395599998	12.1445671296	19.6953538741	3.67116936135	23.910089360100002	36.7762525198	0.335515744853	16.12044731
2.04002862262	0.0144249291453	12.4104079075	9.422114691689998	8.0537379725	8.34451902137	32.956367452399995	101.915793886	0.688538297214	16.3595440579
7.5069505852999985	0.0550883495627	25.3631109053	12.334677362	23.2563865293	21.755821271	32.4903974352	26.5721716952	0.8976029898639999	15.6016408271
3.99173185365	0.0	8.91159115478	11.514403519000002	28.3296540244	6.0158437813	20.1498785255	67.2444316125	0.4006150948	22.3440849781
6.40921450925	1.47713553336	18.8181439854	14.7041867745	25.9376542883	8.35473359982	14.6178536756	6.54778659543	0.232262655629	21.7197446781
23.4865192479	0.0302066148942	35.569852896	10.3454875881	7.17858872722	3.54327206164	52.2196737313	20.6317351842	0.359717817157	23.2166598919
2.27360336246	0.00949099131075	5.72385804511	4.25644356878	32.089591404699995	3.09748901974	60.6134814013	25.048557183899998	0.328760616913	18.485863536500002
15.1537059617	0.100130335155	11.416782449400001	10.6306145378	21.3465673225	96.6558531542	17.5064700272	22.3076491245	0.928288445842	17.8343086148
38.4114062473	0.0220478479823	6.43990952224	2.48581356148	17.2908824998	4.604342142659999	102.86734572	39.2316894812	0.145192148334	27.2161467099
15.573625291900001	0.06816571351430001	20.0022683373	12.4987112399	15.297133711199999	33.9223013586	28.865053498600002	42.9914763166	0.7987740095550001	47.35159236720001
4.85432043954	0.00905004575357	12.7941773631	10.3258794664	31.2843358124	7.18551677625	15.293012033299998	63.0553074312	0.767967180535	20.3289168063
400.782435847	0.0551299883988	18.7193442957	16.9139932685	31.717720803899997	4.17244046417	42.5580762628	15.295684680699999	0.312877497638	20.1878375736
12.9716768004	0.007475866221899999	12.520420253	11.3077155617	20.080257394700002	12.0110768376	27.2752503264	45.0834568009	0.632733686317	18.3995977157
12.021554296300001	0.016846827741200002	16.8876339041	8.37710590018	19.799666602000002	33.0277647203	21.0588777011	42.0142793826	0.124716410755	15.7020738818
10.025145695800001	0.00421947908946	17.7234723539	8.978675933	5.18237257945	8.11051339253	21.5439569843	52.850221693	0.4028127858560001	21.2453278776
5.54523200408	0.0333248104538	16.2885904378	9.84566877638	27.850542528200002	16.7176844164	40.5553911012	41.227927608499996	0.365450759752	29.5441696272
18.7146615846	0.0229077891347	17.067162176	26.0516790926	26.6149980892	6.740796014369999	51.7749518861	10.6282930527	0.456983375827	25.4904009692
16.21051783	0.476701895182	10.3129426762	7.20591396461	43.3768446294	5.02404834706	57.1944384671	21.8344274408	0.373490415821	18.386485530399998
29.5169418733	0.241045459328	23.173285571799997	6.954150348210001	1.41594332845	2.33456869967	55.4158977687	16.129258632	0.15276622069499998	37.8059992984
11.0762249651	0.016411775917	14.677081619	12.6329401415	49.20448061729999	11.4143594444	50.069567945799996	42.9168258256	0.230297893358	18.3947765228
26.457438606999997	0.0406561086712	24.5954814705	12.638568306700002	17.7886827506	9.93807119931	31.326115376199997	35.6756215777	0.588129112723	24.4628049165
4.49144524787	0.00757366470523	15.128467781800001	10.3708660801	38.487130993899996	8.736774299610001	45.7405740391	51.6844670736	0.448540362761	21.784208920900003
6.073704427309999	0.0646941542342	14.144164919400001	9.96081138337	13.360405744500001	12.3755233024	24.0166172184	75.305108762	0.311660809682	28.1073620378
6.34435394176	0.0411820991954	18.1461139803	13.5752315122	4.67976592714	5.70517986809	38.2128441756	19.3705748683	0.881745226638	16.3139348949
1.98370075389	0.014105218516799996	9.9148119444	7.45791996263	29.872471488000002	4.95662325551	47.243462756099994	40.4962364519	0.383394246696	24.1482308622
32.803188793400004	0.0229361114265	21.3360533222	9.68009055912	11.098733705399999	5.8655445874800005	89.4091950411	16.9867897807	0.739278631503	25.998961465500003
15.828721725	0.078921428548	31.1255353282	20.261733110399998	10.957592084000002	6.20872073242	94.3248615527	15.9528453947	0.13482744624	44.1935956783
2.31758392723	0.0138785447499	19.872900153	5.84345132574	18.0394460048	4.2523328369	37.7010892702	12.7126461391	0.469241076369	20.524788436199998
3.85343227028	0.0531043357033	10.412887167300001	4.8621844448	11.688860632699999	11.1905014621	35.2572201775	57.126582399200004	0.945857438766	19.5774413959
1.43605802145	0.0220817948292	17.492270886500002	9.02967979434	6.030141285419999	3.0332233197500003	18.087309081	78.8246397084	0.455905404029	18.540548681
15.743729319000002	3.16727658678	17.3414581929	8.51005443796	22.441869175100003	33.201951724299995	35.0776371205	37.6391962572	0.115582653069	18.3827643129
4.85046633543	0.0103087397639	17.771739895	10.296641362899999	24.4986746513	5.96735532742	31.592180190500002	87.19379597940002	1.23243352292	34.7701748362
0.7608828672619999	0.0487746875112	21.556002155	10.7633316699	29.1011344132	6.104800128119999	33.803421578000005	11.131053129300001	0.063130753628	15.5067198759
11.01186691	0.035430545995400006	15.958301849300003	10.399657457	11.449802216199998	61.852205259099996	18.7498474888	85.23606630260001	0.8147983679440001	39.1916102068
5.5936520083099985	0.121462111254	18.507726271400003	7.9096593734	12.4972334016	43.0950394571	39.1690160046	68.60931485350001	0.721248287108	21.1201978928
12.6569263441	0.101268804567	19.092353113199998	8.529510083239998	32.9293997092	146.988395423	36.6275234389	27.9279747883	0.561955950781	19.9413682166
19.1498907052	0.167915044126	12.2956997155	8.66724399232	27.033851763	4.92975696775	42.881184389699996	20.2079853931	0.3654992581800001	15.4977154351
12.746660906199999	0.290293268953	18.7688743643	12.1405393175	14.1036281466	5.14384903163	20.3145651759	71.3978867575	0.146870063746	23.952475156
8.47352572876	2.8243280270599995	10.5789659152	10.4733589195	12.6460280278	8.77512161382	20.0272513851	32.7408515764	0.906574478409	21.9367069627
1.9023810111	0.0158592294205	18.3275271481	13.982687428399998	4.65356974017	3.16260253303	29.074854035300003	6.333764191769999	0.0911204993561	29.2470570223
3.82284280487	0.0413435933227	10.3440867598	5.83002399538	29.7461628873	18.0828227215	19.3331584546	60.244173724300005	2.8961972958	17.104843353299998
2.4386200389	0.0	11.490778091300001	7.101339700510001	8.96797165285	5.33283794327	52.592954308	41.2144178729	0.1567150038	16.2632391306
41.6074354238	0.0474619289984	27.526378421300002	15.6178426205	2.47168606666	4.913609463819999	14.686830251199998	16.2649423283	0.307975297844	16.6993622381
5.72664149523	0.0250291017875	11.1607031596	9.28213443707	17.1153244031	8.49862961277	17.7718734169	61.0934000313	0.436161134325	12.0228496628
142.855810012	0.306253054906	18.8583501623	15.1347212524	21.3305395964	3.75945809516	17.9130745044	7.17889587565	0.254537384688	23.4119981915
3.12426653776	0.105503568675	17.5221117139	6.830621487540001	7.572305926649999	4.75017494579	76.1080534854	56.9857752766	0.169030788726	12.5652938248
20.5181912027	1.4075464682700003	14.532061154400001	9.83910769423	22.5777457323	5.25905744788	35.888584472199994	6.680515883659999	1.20645474043	24.196869428000003
13.6988381116	0.0320006842265	12.7327545265	9.89527093552	24.9845251762	12.7120901163	58.799306847	14.2752014149	0.491085864691	18.543743218499998
12.677706112000001	0.0262860123014	11.8412899903	8.55814596121	14.341861351199999	63.7762308884	41.9575371791	37.1563464722	0.341992268817	11.321645755799999
2.50837021471	0.0035024313583400003	12.119792415	3.77281034639	18.924178545	6.893910082160001	71.0220386075	40.6628646265	0.260057612686	25.4477487811
17.1361785615	0.436785666882	14.5691582395	7.9851189005100025	13.663777808599999	6.51333575447	47.65747019689999	32.5218414296	0.371418988864	32.4382484707
5.48969508769	0.118632984033	23.9344631431	10.3565670251	19.0689706542	5.28560722827	44.5922778443	26.547904042800003	0.700063792745	31.2312899187
3.80808207769	1.73949224031	15.3430191398	12.3697718283	30.4451732424	4.28153834531	19.823058431	5.4527921171500005	0.222696565222	19.9087214282
4.8836923178500005	0.0200925476543	12.5432285502	5.7683800108300005	25.423146660500002	2.82732835085	51.538069296	27.807726451199997	0.06364186079919999	16.3388173565
12.5795475153	0.0556853994226	17.9714071742	16.991879118299998	26.2812139452	2.85166496372	33.400742325	11.092791823099999	0.2399587616	31.789993117399998
9.31290971406	0.00671682386441	26.3849671081	13.4904895025	31.8796962558	4.7810922081000005	18.6791121986	127.646718235	0.384436297074	19.6165363485
15.7893139313	0.131198390483	15.969575183900002	7.09343547777	11.805859469000001	5.97815299985	65.791877041	17.1799546124	0.168344906177	21.096682034
12.0553095219	0.306440084604	15.4634611373	10.747665496600002	8.338082318180001	5.22421915538	47.1532931097	6.06304685782	0.657702677791	28.1137185921
44.8448098418	0.729982705151	19.082320314500002	11.0665060534	10.913078374500001	3.0899521666900003	16.3016342815	18.715808646	0.16522772353700002	23.875759803
7.491495435269999	0.0192056939957	16.7478607621	8.41116650489	21.1668412792	5.2877051553699985	67.1421398567	20.5484821543	1.15865279454	23.6059889764
3.16418677865	0.261296742409	6.52271635689	3.39335086771	13.874050564000001	11.0820020857	101.44579692200001	43.4965769098	0.50227957951	16.8809988101
3.5560193460400003	0.0105651277235	5.80910951606	4.988943217759999	27.865471580900003	3.72440903976	52.5006251243	28.865489329699997	0.169656558086	13.1235224666
15.9431854643	0.0140736393477	6.6065459499	14.8314812381	14.4503995406	6.2808995127400005	19.3294771579	39.3374198348	0.3396172315	19.3972985921
37.052097804	0.154811709323	16.5849926749	13.1719470769	2.44098185246	4.01807727765	46.1937437646	7.61312978827	0.137395378516	21.4530723519
17.704505053800002	0.16572822725	23.424087977600003	14.7371425677	13.259451844600001	3.32967750285	38.0166253821	11.5171245198	0.526096213494	16.0538951666
7.920672766489999	0.0137601853557	9.59191320657	8.9594060694	12.3092922072	2.50687983924	60.601583133199995	7.253762836839999	0.0851418292898	24.779828358099998
13.472374051700001	0.5049243553939999	17.6024557819	8.63933328978	22.4927175791	9.495982800650001	30.3096028477	85.663039053	1.05584808438	26.511524300399998
31.7049166036	0.030198699554	14.584631059100001	9.724712780980001	16.6129813333	7.88454122156	35.648219401300004	11.534410411400001	0.193529377943	12.007155004000001
14.574367063	0.7451269812569999	14.1620100041	10.3491562422	1.37273369049	3.6857461484800007	29.481695335100003	23.7849156356	0.253789549497	27.630630806
15.068058223800001	0.24590035208	13.216592790899998	18.344460733800002	18.316136998599998	9.99038658375	15.7854994908	47.3860482412	0.184076825407	17.1334044071
6.11046703594	0.033181470868700005	13.9898047957	7.63402045282	17.607644854700006	9.008112555650001	52.476655265299996	36.7673776974	0.290858661779	13.604646063599999
22.6120867283	0.221808618116	23.5040332831	13.098495124100001	6.69998048359	7.584907192080001	64.5552874336	8.942088575739998	0.29464756267	17.0755100896
0.517020745583	0.08506563151180001	15.2980622625	5.42530528089	17.1197516502	6.4267758612199986	37.6165798327	7.343954385780001	0.052813811227699986	21.0276202222
38.3797093877	0.134032722385	14.5256464322	8.95561526731	16.121142106500002	3.11694135454	39.5106199097	23.645759707699998	0.25077484007	25.0534234306
16.5581914372	1.4055837643900002	17.9124925882	15.686143356199999	33.7234025352	6.7412072267799985	20.5062067284	49.5497841837	0.436071878944	14.2661491768
0.579024363551	0.0527958131616	25.569745940500002	10.8930026929	10.081353369299999	3.83116459777	27.788334914	57.8300196995	0.34145494442900004	18.9360067183
9.18927614084	0.882604011094	14.2963336873	11.7793586864	56.051908071599996	9.29358153029	25.1856699251	8.452090591860001	0.8362015169879999	15.0012242567
17.3737323386	0.123500296059	22.4863826455	10.742941565499999	22.4251100037	133.752532957	26.0487547001	30.451689375900003	0.210305695499	32.8323415198
16.1078219847	0.0371207131186	28.3688168671	16.266060500000002	2.6503686176	7.559010912330001	56.8719197741	47.288837606499996	1.97584865065	20.7214695223
14.7920817756	0.092535960589	26.2707161166	6.84952755742	14.8260071029	5.59577983872	61.849646021800005	11.1624709973	0.503044385451	20.677886153
11.9455723159	0.0360946765024	20.1796127813	6.48757233077	40.5210521499	10.3833313595	48.3966728507	1496.68364939	0.939033094615	16.402278698
24.521594902100002	0.789878800073	30.555876869099997	13.8935733183	16.6654022299	6.18169369126	39.3961932395	16.9287389428	0.666872456843	18.9490391533
6.47652575764	0.139195423565	11.904076956900001	9.65553794468	22.2073396958	6.12058564345	61.3764902649	9.9352433386	0.251969799198	21.4669126744
4.83710796765	0.00884770786174	13.0513341294	5.39421083678	20.5077617217	34.6689360104	35.6136276116	125.272101996	0.816296464826	36.2984010368
17.1007170908	0.15943516975	24.4929469585	11.144040072100001	3.45687355885	5.82734292758	95.57459371280001	15.380257128399998	0.727301690477	11.507556338399999
6.795003457359999	0.00549258251053	14.5659795955	6.320337855190001	39.4328965014	2.8980215194	29.4963382919	62.1021265612	0.218479028621	11.7190688245
18.853900346099998	0.0	20.6132441801	9.41164512858	26.009272419299997	2.16817433664	106.249721725	13.7829550338	0.5733107391350001	24.3690906761
11.7619689709	0.140245276762	22.624029060300003	7.5333051845	16.501949004300002	55.7803988196	24.4006001522	25.2779212431	0.141286831708	23.7430586106
5.50123365115	0.0244685861326	10.5609359967	4.91442400496	19.7987577125	13.0457678336	33.9460666844	35.747575431	0.820807485182	15.6153283812
27.9998965967	0.0326610015214	13.4192633272	11.947271248	14.9330100972	4.50687705012	36.574996485999996	8.88570559166	0.5722490790420001	12.6077049063
12.6718995285	0.390899516945	17.4962115207	11.3884162632	16.2140025265	16.030827113599994	26.9911151421	15.829037156099998	0.597033067199	15.6189875994
36.376938552199995	0.0554550504273	34.0849547457	20.866606415699998	24.1865455379	5.1011460173900005	13.8781498125	22.0747314928	0.396605816177	10.7388744371
5.9721459265400005	0.5593049451550001	18.4487504782	14.7808297721	9.53127903008	26.124031133699997	10.1335584244	20.2216726356	1.5590618887399998	14.6261733696
8.29624393403	0.0633358882824	14.8000924641	8.23134681107	22.4521379274	16.7207460833	20.2839502148	60.0011227478	0.222667016891	14.4305849539
50.788554814499996	0.0507979415185	9.43211173547	5.24634643877	5.120102757250001	4.8461330612	48.7535001833	55.6954242486	0.231994244108	27.455358130900002
17.0292830713	0.118839453769	17.9597388081	13.467223906500001	10.848132850799999	22.716810359	44.2782712123	24.3789709905	0.270023196436	29.8244394504
8.235633684660003	0.0666217380218	17.4721985814	8.87967506112	26.90682313	21.9595465392	29.5795647752	92.15649304829999	1.11300833145	29.1276599264
50.7528355141	0.0210215059041	10.861720945899998	10.4927365053	52.1608826421	74.1444418344	18.9828818737	28.6493332616	0.378601294236	16.1499443645
2.21358567545	0.00416972304383	12.648212035	7.015754339069999	18.3041307196	3.99781315053	24.9140187195	56.7321152717	0.166780951064	9.11340684184
0.264053220352	0.00925816205867	12.3288449185	8.07637269925	35.183954474000004	8.03739646658	47.9641390263	3.66769910489	2.1652493401400004	22.149667774
5.70570227105	0.0392726375955	25.0662763617	10.416898231900001	35.2845108929	4.97937475204	20.84148639	6.32779913473	0.44333289808	26.268910879
13.8138573197	0.08479276885939999	30.9068486433	6.059543496130002	5.24260551395	5.609468003559999	33.5912053476	93.36203280049999	1.17345710117	17.1307403608
5.640512448080001	0.195244087368	14.410401262	7.0019771552600005	23.5822427247	14.7466141677	30.880268457800003	42.7576971146	0.294120682614	17.230040806199998
4.64948573214	0.0161967554942	5.075395955169999	4.1472984767500005	9.486310275260001	2.23738628292	71.1630442576	13.9659431379	0.0572675587753	34.845423715100004
7.432992410810001	0.118853995412	19.3897572642	9.03131121796	29.9996129542	10.769607033	30.544601951700002	69.2682622274	0.7547273593289999	16.3347773274
44.9982232399	0.0241991832296	13.7789552752	21.0259071221	40.8047817629	6.868725160630001	24.5603407389	36.129736949299996	0.376710840368	23.902832037600003
7.957075733889999	0.00764063801205	9.882165217	7.69568113863	13.9871662554	3.44942943868	38.759320533	44.5167967174	1.05950745366	20.5664598789
12.890798582	3.9895185934800006	13.0775222285	24.2150337688	18.424493300199998	16.3909000895	6.02608684625	3.98880653911	1.17589960495	10.4296476783
6.59451017029	0.00631505964532	20.9725205601	8.46310272786	25.1559390177	13.0218352133	33.1201682304	127.653706626	0.630778022145	29.1314692912
6.73982578824	0.0911762859849	28.8224730248	13.906791709	39.9796981025	6.73050956802	24.0104620696	76.1494585225	0.683897404009	27.2489385656
9.66542395692	0.0	25.807520171700002	29.679755856999996	9.54636106916	4.76963014585	41.256740174	41.262414228400004	0.302982369315	16.4270570107
14.529739724	0.00362838851214	11.230893336	10.1860023407	8.81112113966	9.76474989023	11.787058842999999	39.1979672958	0.277428161264	21.092851918599997
5.9412214833000005	0.0372495726666	14.1284081546	9.71620469054	32.541063903899996	15.2123429624	33.3478969176	29.9188704804	0.25270878035300004	18.4583940201
5.586598149430001	0.34633848786	22.0913956225	11.6059444899	12.196320018	20.394673164	29.7458661481	45.9497121475	0.386077739091	17.2749370428
85.1276675053	0.0925444569374	10.9109972175	4.2683219019	16.0592522866	145.570765359	66.97807734439999	259.071483728	0.483029276761	15.138861956400001
4.88545060637	0.0369240728377	13.6083997326	10.0783403413	4.87286543114	6.32735718022	32.4585702683	16.8928247381	0.799643361433	15.437798754500001
4.09306113042	0.051107275389199985	15.3693200264	7.62855057405	16.7731563148	4.53946008186	39.7047731692	2.33361542029	0.0291758715213	20.5360574421
0.479264053828	0.0130312444049	18.304924188599998	9.85916017724	65.8537802995	4.71727846834	22.884719350900003	30.2706565329	0.539078977585	15.8103830631
9.005761189089998	0.00218898140892	14.1932681058	6.30131627616	38.2559143397	5.7566135884800005	35.7578035513	90.97889537280001	0.226385489983	10.7522754422
5.67214515885	0.0828575172136	16.1051901969	13.407119785199999	59.68581572340001	5.3858209426600006	18.7911095182	28.2922480702	0.502385521482	20.1146394246
6.29875449868	0.0101751263095	15.0425911149	9.17876368749	22.784655466300002	7.29440799286	88.89089406030001	22.5095616117	0.388997288084	19.7346013486
9.63342547752	0.0417774853271	9.08587350464	43.5574619675	19.4774416802	3.66553963775	21.0350362919	47.3060494346	0.356097300119	17.766401125
92.374943122	0.029622701603900008	16.4164457375	16.836944657	18.255887726300003	3.74264165746	42.936974752	19.4581785585	0.307013991521	25.8718499873
7.9322795144899985	0.0178054667273	17.430676573499998	11.927595350599999	27.1238518834	43.6803779512	23.242808728299998	26.750831771199998	0.21562275071	15.0725759042
1.45255144469	0.0116722282901	20.3712374387	13.3366513884	22.5485357552	3.81340065695	21.1094877082	47.454274209	0.8170169339560001	26.5124132539
7.395572077180001	0.0246856423178	12.161476253800002	16.7513260602	6.7631635580900005	3.7034507953199993	33.9779824948	38.0650224711	0.961466637715	12.3330987867
5.1080416251	0.12822066027	13.894926279000002	10.5990128063	12.2418588522	4.661536987230001	35.298557616	20.5955310364	0.337440558245	22.870213181300002
4.00675455841	0.019021212079	17.3930843722	8.804463340860002	23.8415641646	12.459464275799998	29.8083466401	49.300125117600004	0.692717336221	17.0907705194
2.73901675673	0.0244476417819	14.3786852928	8.26077570268	24.4323247381	6.14864514699	15.6334955134	154.22690159799998	0.166578180057	18.347771886500002
11.7609709122	0.0355850746434	12.768739723900001	5.06113020227	31.416162775500002	5.09223410121	106.78048280700001	18.592900801	0.27298373789700003	28.168968204899997
264.852273127	0.0701372711978	26.740622965500002	11.4897298721	3.1066570116600003	7.514252431699999	44.555571623999995	15.4850196777	0.937702126814	14.919298748900001
10.7788973845	0.176251105397	15.855568247999999	11.1065102804	19.9194640643	17.042121748499998	24.870467109099998	36.1763246297	0.559686896126	20.9613130091
5.29837558877	0.200221348137	11.7278317675	5.22898866776	18.6342378162	3.72256185836	33.914660491199996	34.7223541889	0.251353215899	32.4954349294
1.54459415458	0.0129659539985	18.6612501547	7.61066042357	32.7578799394	28.2085460635	18.660822688699998	64.6676993363	0.508584939277	31.4061539485
14.884305501400002	0.168991152639	13.828738433900002	11.560498259500001	29.3791505275	7.26544185822	63.6405276573	14.7060862447	0.347981222752	21.588213405900003
0.7223268153069999	0.0	1.83205134267	1.56215669357	26.7448775657	2.6898846734500004	105.837542951	41.686175283800004	0.0526527240841	28.611648280500003
2.92809034917	0.16883286290600005	21.9119982642	12.3400068203	26.686650191	26.462376666599997	22.736454829699998	1489.06063782	1.28639518859	28.640937010300004
17.6927372979	0.00252169891849	9.712533022999999	8.15182931415	13.7389665796	7.16589811859	28.4758280301	54.4620477688	0.304818428646	22.8107198752
6.9482508772200005	0.0236517789446	11.085649125	9.82345657286	32.2563921366	5.6142718528	48.2527077755	59.4968442351	0.211970208876	48.08162595979999
2.27726168352	0.013406211388999998	10.1973751931	4.58425808421	13.488243823900001	22.7014522782	158.29865679899999	26.963456654	0.13430258694	19.719762035
2.45009964341	0.0381096946475	10.1595933281	9.23015990052	4.310855826969998	3.55553079578	31.9894914631	71.3522972913	0.106673973478	14.906007835399999
63.8487598944	0.161499853977	10.1442727788	8.50323890138	8.676358885580001	3.00202383782	16.8706349947	8.52104282239	0.434359659817	22.570937007399998
30.5515661286	0.0348202200887	25.660527994299997	11.2555345873	4.63436693733	4.713552173419999	10.859920024600001	21.9239838652	0.432827354367	16.9399859756
11.124991843699998	0.120871630345	22.810430399899996	13.101271108299999	25.2467196872	12.4849158449	150.888279496	42.66248713	0.369675893785	17.8786812132
18.893306587999998	0.0391830673436	8.71489165578	10.9933459946	5.61150104993	4.584345077	29.276535429000006	57.0206642653	0.395944570465	25.733088755700003
3.11063964603	0.0102869496267	10.6024990927	3.2785456452	20.4062144823	5.00818795319	35.2989315409	22.8292024084	0.547853344423	7.536037904780001
4.72568540836	0.106084243455	16.8935531253	8.84335728271	6.24216830152	7.66542966352	66.2131652747	16.422113952	0.540749821441	16.775013889300002
13.6378055747	0.074535831451	12.8651552215	8.82049327475	16.109389464	5.05417321546	26.9268869195	57.2542611191	0.758543015653	17.9027942601
8.4315839285	0.0371585330291	13.990914248900001	7.774269207510001	13.7876850093	8.631023245389999	72.395905765	36.070379538000005	1.30412566405	28.7127506104
12.0820594214	0.0450554175963	15.978626500499999	9.66647182671	18.9477424631	42.0495871648	13.0010358216	26.4554793146	0.416077836171	25.2606450538
3.32276805162	0.011157068690799998	16.3669656508	8.904727247030001	35.036487629	17.9932808654	39.8455671868	96.8507056392	0.440508510537	24.2045635366
3.13652577418	0.00517953009963	8.45928461886	5.2070452110100005	11.295911653900001	9.19078329377	42.022318317	44.0925904854	0.442957426827	13.4211588334
6.28520360762	0.00546359665945	12.5833520519	8.42792462195	10.4100505692	17.6292806871	22.4794733721	57.5628009262	0.353758523502	13.939426396099998
7.84007930361	0.0178203786076	16.7694614037	18.1911554582	29.7883603079	4.40372305493	26.5209557881	82.8085828508	0.202807876218	27.494556360700003
10.9003890191	0.0336244069056	26.108860329000002	16.792472546400006	20.163614749100002	8.16907975519	29.891317885	11.1566234705	0.505842380334	17.9410074622
48.1253105571	0.7980744531020001	23.5435583443	9.134594945560002	2.21248482412	4.39739425431	39.7385777873	9.03515263707	0.441215633768	13.8178745072
345.0539428140001	0.201799891916	30.795574800100002	10.862471978499999	23.1601777885	4.1548629615	41.7417198761	23.638185508200003	0.6445936603819999	23.382748996700002
13.2523488469	0.191727521661	18.519447793399998	8.99301261212	19.2827167779	3.2015385433700003	31.873380837600003	24.371875983899997	0.182369613824	18.7249249699
5.07723827875	0.219693941619	16.0300617055	9.29947502342	63.62721694880001	2.73196240027	15.461534885899999	22.2445942419	0.333897035393	33.310664092399996
44.895742133	0.122256271171	14.223911706800001	8.84310605582	23.624816236300006	7.821137837899999	11.04802086	19.2002924697	0.851490888107	23.7692606573
0.547661035682	0.00785435367597	12.5269930928	9.81915530715	25.4495237248	7.95655051628	36.027827110100006	5.2385323764	0.254277972246	26.9342551651
1.36244392443	0.124407257683	18.3176310703	7.7376886259500015	42.2930539437	5.06643524155	53.196229496499996	2.2894623876	0.402197817785	11.6838168665
3.33912635167	0.0048446896256	11.7106948596	17.7744362849	7.1531294586500005	15.411982446	44.3490048225	3.12048284756	1.28471817079	20.140216941
23.536610333899997	0.0736478240646	19.0084883135	15.1383748091	1.66982008931	5.68929929426	14.7619742079	35.7425334581	0.505939733073	22.7493223512
14.955186207799999	0.0187623869292	10.297343142	6.329364921640002	32.114733699	4.08921831952	23.8896146785	48.392205105100004	0.358941219163	17.3933946177
15.4507757652	0.050758283887	24.2982533924	12.725326478	17.856986081	7.993481757889999	55.0068861886	19.9058953304	0.416745932994	21.4797371573
2.25695262092	0.0116541993972	9.206639770599999	7.74775000343	17.0409957836	6.83226890885	29.6045622084	36.656232307399996	0.258397523283	14.833175973
3.70987811542	0.0197479677369	11.0534602672	4.01113452807	29.326725508400003	5.8013807016799985	60.719790054300006	54.5600664083	0.116954749877	25.8352556082
7.15448581935	0.0110417321095	13.054204059000002	6.7219021527999985	9.373289731569999	3.42519471487	29.9340662664	10.190619721900001	0.369260170431	28.713321032399996
3.16323023675	0.0	17.0363486329	5.94168025548	39.5642261948	4.3863123578400005	26.534341372100002	58.8839360904	0.6098171251560001	13.2130775828
14.7092320477	0.018815283757200003	12.8499178133	9.20083849058	25.042038430199998	9.74935552768	32.0847474042	42.1232816444	0.5114186309009999	28.0865547478
21.877403331	0.025620553476900003	15.2842857148	6.891521312969999	27.984151514	8.96077297548	59.1557114161	16.7355072162	0.7058290299259999	21.3003386826
20.7525925055	0.08848226787	23.0631733119	11.9477573299	29.121430958	10.612603454	63.8626638535	58.5030381855	0.7497239390889999	17.1063152868
3.75445023922	0.0144665388769	8.40620016986	9.30464146094	40.2760038351	6.25056496209	34.672928696	21.1521809272	0.887132086357	20.773784086099997
9.727209681549999	0.278115002437	18.7171326548	10.967317543900002	17.0893234509	8.18095642552	43.0646526541	39.0030120886	0.279799919179	17.9052407506
5.62736539955	0.00327936019738	10.6423107474	5.9217986947800005	36.1448010721	9.08884277374	53.851309497799996	31.9319374519	0.295309484643	15.684763758199999
4.636431975340001	0.00339255135786	11.960752533299999	4.76196746246	29.5526838163	38.8849850577	45.5972608111	30.8580153825	0.15668714901	14.3180494718
3.4099378609	0.084912907544	13.632813614100002	5.32148090467	16.6084458753	7.6884856908	20.9479570413	52.3210254883	0.3781023911900001	15.5563305075
4.31729193626	0.0164925689271	18.7166910042	7.22931594223	25.0635246528	6.04487877904	38.7657988306	99.7086418574	0.287011654153	17.951734383199998
14.361379028	0.119182212415	15.221337608399999	8.36587869271	49.6790124066	4.51487407848	40.263371570100006	14.9605840219	0.382316396815	18.3448608914
6.893450872130001	0.0511461764427	10.8283112046	8.38842462155	43.426665724399996	6.55564918789	77.9018123259	52.2000947009	0.553821630605	37.8233811902
7.21993337858	1.95975889281	15.57899404	5.1817502139	17.9745333234	35.7295326987	42.9716798037	31.639257618200002	0.228231431949	34.5998444748
1.88748318037	0.0	7.02249439155	3.71190509618	15.98470216	62.605211844399996	28.041707993699998	41.787521941	0.360955954547	5.862750059730001
8.095725669439997	0.0212371333724	10.8623649095	9.23557556038	31.954753804	5.5526196429	56.0343802978	29.322052226900002	0.15956420507400002	14.1567524073
33.0495099459	0.033815057968599994	22.735768774	11.0825440709	21.581756268099998	4.23407619393	41.6409161392	9.33195057389	0.346541076627	27.2900850122
6.09367184722	0.182535709044	12.4960479253	8.17771928003	10.405133886	4.39895933329	18.7002615796	16.1647439831	0.12741513699999998	17.345550316700002
9.82109531288	0.82047874027	17.3256622276	22.5444005858	27.1275960981	3.56112029124	7.57228781761	259.124445287	0.456229680892	11.735098125
11.3680198229	0.00800392930678	8.740848671970001	16.099385903399998	13.829899160999998	2.56044389963	120.69571823	21.3579242813	0.206942536209	31.851771395900002
1.74156814876	0.00359775136818	6.36849081652	6.18561462554	42.121082729099996	3.17373469836	167.560925116	44.2171280659	0.187630662243	11.5798121158
2.72132090891	0.0259179175603	13.466777898399998	5.6204763693	4.97591970953	3.0840709851200003	27.599025206	36.459731488	0.162277547859	15.0538434063
8.35719873239	0.00956641887855	12.5314378167	11.7716376453	44.168569146	3.613752630430001	56.4109654178	5.14143093504	0.282574633149	28.2814724956
9.55031350847	0.00715898165092	13.905339457	11.9988896316	19.502131861400002	8.6065006287	23.3352850453	143.07810209	0.6201517559499999	23.1744309725
11.042155595699999	0.0301659174133	16.0127307567	7.31251934829	9.4072469657	2.35100481528	22.2144131698	9.410557667239999	0.179986927497	18.8922214403
1.53887359838	0.005913386367199999	6.23132409224	4.72068252359	30.353854675100003	3.88026963937	50.6534935062	24.687214974	0.0908200468834	10.1775669148
8.06488355606	0.941687971415	11.155419839	9.03246485723	2.63525142214	13.0136390429	18.9382264589	38.9599123071	0.7055170755239999	17.1075633385
28.025279394800002	0.035177938763	11.8429960671	6.76529233781	19.9724534824	3.1517689209099995	45.70902585140001	11.2047716675	0.159715403858	19.0897090106
302.253405315	0.054298983114	17.59587781	7.92214817032	14.569973643800001	6.383782953990001	28.1951972769	49.0061590238	0.311979247206	17.693266046199998
2.54754684458	0.00408261923783	15.6180756427	17.8140174445	5.770554097490001	8.2658266101	24.1777027302	130.577510725	1.51929331278	18.3909269517
36.6344940667	0.044199396450500014	13.9763453573	11.697819698699998	43.3842891584	11.0335168294	23.2896992955	20.530331060199998	0.417825768393	39.2318691422
35.6519766488	0.429102373714	16.1069730334	7.865209968939999	1.22568335126	4.551984097180001	84.0243599124	7.634602391819999	0.268823483889	17.8930121366
2.42149446569	0.0	3.57662521552	1.7046414974700002	13.179882151500001	8.32812057634	36.106621272	27.259076405300004	0.17306973576200002	17.7505981706
5.09006758743	0.265268328776	16.9903870599	12.8809407404	23.6027988254	19.6061584524	25.4426165462	64.2587306563	0.10325119547	17.058638934
20.0252118782	0.0104945251661	19.9451312417	9.59025671199	15.9116252146	8.696940816469999	51.0862107525	26.96972272	0.544413712718	26.802258759
12.9667134323	0.27557119180100004	16.7090711754	8.30360590933	21.764849547399997	7.03139266627	36.3366479058	12.40430213	0.609729215548	22.3710301327
0.837288367007	0.0	9.39087874166	10.2815362735	4.08056399814	3.1804902962	43.4485152957	68.1660001978	0.388050081934	22.9189921142
24.1837575348	0.0	19.4313554981	13.9308299144	27.3944592629	9.80822195596	28.652531261100002	16.4300124807	0.6239890350389999	19.2698052952
2.501757646	0.052797723465	16.229507773599998	8.07587662514	21.581580778600006	6.524570032710002	20.866125003	80.243747218	0.420028112967	25.5854200913
4.09038234788	0.0127999372288	19.573965706	7.44679797612	43.9348577131	4.61700168117	19.991238834100002	231.427711983	0.488778663393	22.8642226286
2.2376942681200003	0.0240458537947	8.4490320304	5.527249128409999	31.934105208600002	2.97952976407	31.1050479726	84.7528386372	0.247468783613	26.6734160023
18.0546462667	0.013669518355299998	10.6947344246	6.908008550669999	19.07001096	4.73883879765	72.1252759807	8.8824906413	0.280929161204	10.0077300984
1.94803703875	0.00622486376214	11.505843433599999	5.08036413274	21.347014181	3.65507041545	22.3818972031	7.582864745219999	0.214592782306	29.5083987667
50.0460539745	0.48426294612	27.037327306399998	10.5346960316	6.9058279981	3.37712682174	35.075344714	20.1880940372	0.280325319558	17.4665323302
13.743092753800001	0.253736164307	10.5232744709	9.691366545720001	35.392606342	236.12199931700002	20.0062282628	63.9655761241	0.622451516938	18.9241001223
1.17240108129	0.0	12.62352458	6.36182045018	23.0362629096	8.044165014919999	42.0018918747	47.6123389372	1.31451412923	18.0305052595
9.90779318433	3.72334968228	15.857426424000002	13.3729553625	35.6172104263	9.17590514772	13.693970158099999	8.877027907899999	0.544109932703	14.4682298077
7.563106986189999	0.0243700344853	17.1946841604	10.1653146257	24.686704075300003	10.3327064256	14.446285993399998	62.34969370859999	0.516997018106	15.111036283499999
612.391267961	0.0271973509083	17.1881252473	13.016101288	6.51219008623	4.3610367171	40.7975079872	36.4771892819	0.414702216765	19.9700107396
2.31035852515	0.00910113851607	14.2262319725	7.578660521930001	31.1209377358	4.76277304841	59.171397323	12.529177882	0.0449169163853	28.4360726186
7.33266781095	0.226876661533	13.1600101821	10.689672674	12.4760798923	9.41198550138	16.3482426379	5.425421859530001	1.4266988108200005	18.8665628473
15.6606586386	0.0587661092577	7.33082955099	7.18256501543	5.464324466030001	2.88272213047	38.6601587539	52.65948015439999	0.358423669453	23.834237236999996
2.19332052921	0.0137882028898	18.8558094519	9.84088403134	21.184470263599998	14.6868331452	31.987693641999996	76.012642513	0.674904085766	21.890798387800004
9.50258342534	0.0	12.569601693	8.09360372115	22.015740966	25.5868753584	19.3361519065	27.9543281295	0.516928483153	15.087403296400002
2.62178635798	0.0305246988983	17.1842242694	10.1223470854	5.13543398923	3.08476239565	22.914460353200003	385.797517682	0.105333068435	12.0830534374
11.3101841299	0.043508747961300005	16.5591875659	9.62512489609	32.387613523	3.1672844251	66.1700329282	18.503686653499997	0.201909401787	29.2670325682
7.348804267769999	0.100922008204	16.0562099653	10.7516789973	22.330770853	6.11953415796	101.58116624799999	19.4648987687	0.236561989064	17.6796128336
2.85533974481	0.0557289396701	16.5251011847	10.343074591699999	30.1959572477	10.7650267499	17.708655576199998	28.871412397100002	0.5428160883550001	27.929825068299998
12.4420638056	0.0210390315441	13.7513606424	11.8879823875	37.2092981015	3.50877338441	22.86499836	16.245525237	0.20456865166	25.9375107004
13.6378311149	0.0268210052181	11.0057611774	6.195440743890001	25.697797260300003	3.17571270143	117.41028669100001	18.4000109484	0.174105939633	29.1358609279
11.4880101926	1.6727785289	16.2586030959	6.963400487	17.5336646548	19.5000326092	27.596786775100004	32.937843682	0.298456693559	29.7505939677
3.10055115199	0.653048425966	9.78490877335	8.45804083146	11.8642170053	10.674544153	27.0239102129	164.881265377	0.491202683677	30.617246627199997
10.3219271691	0.117134366264	19.0692296942	14.197749141	21.4274745351	16.7382020654	33.0676718129	316.197580597	0.15021034101199998	19.2993807055
3.57316182572	0.339384341877	16.0081057483	9.43439578044	15.9926354992	11.5970410037	13.5974171372	18.6872877812	0.624061428034	20.9367798841
2.6298754394	0.0443991584487	12.7947720741	5.80255249423	28.8275489927	25.934707517800003	56.226155507	93.5077762003	0.4326871417530001	22.809270729
2.49171275365	0.0046034466956	6.81309621091	5.8097580545000005	37.6285884943	4.3754049246	50.036294814499996	48.7997637643	0.17192161602000006	23.0988388492
3.27549427242	0.00931310585107	21.317697641400002	9.87433357883	17.1793085534	4.8507706741800005	47.7666084686	112.81803306	0.562532732581	20.6776952823
16.0516660826	0.371709668454	15.1382750216	14.2923916227	25.9409805199	33.0981599344	40.2109757541	30.6691019871	0.366479056148	20.3280337592
6.109686169319999	0.594620968964	48.210146896400005	9.488172700860002	13.2035299608	18.8952101948	46.8701262355	51.14301927100001	0.497630837087	17.819757036
14.083812187100001	1.4303752038	16.8947806598	11.2989355959	19.8512621559	5.046654296030001	39.4251842587	26.7855835758	0.586176126121	18.5123905992
6.02762669931	0.042121522592400006	7.993540594860001	5.54846807369	8.205459726219999	2.7082541862700005	60.0950404751	10.2878497169	0.150260602675	38.1929165244
6.52276954426	0.165041144215	21.7334733554	8.28344749138	40.4427868943	2.14913331821	23.1359189842	30.146891786999998	0.10517344918	9.93212187935
18.9956272438	1.42655936763	11.5789453079	9.82438063782	16.913093221	7.26558408645	52.45876262310001	30.365390049000002	0.182633681195	13.786165430499999
12.091185015499999	0.253611673696	18.3869448461	8.4766990418	23.1607940002	5.55227064858	54.82437269729999	38.2710950323	0.104615653881	19.141793173
5.73519628005	0.0	13.064160366300001	8.055063427510001	30.3931170432	55.6961799467	18.431259709000003	58.2344638985	0.7896743416399999	15.5562911117
7.24541525143	0.0590430664927	12.4372852585	10.0148039194	26.248350013299998	5.46224157242	22.875228083099998	53.21500295470001	0.767503995827	18.2278026045
11.0647671958	0.011833320402799998	9.460654666089999	8.36890029552	18.2546314331	14.3934873106	14.958092473699999	29.226597080300003	0.26280483257	19.2383545553
12.8894525025	0.0280950339378	25.316247731300002	7.50903104862	25.0306076078	9.36581954136	34.662866898400004	33.673788689	0.111753910152	26.4091438065
21.781097129000006	0.0259852353777	9.48141522171	11.0492228947	21.889274926	14.526118548900001	23.505109045900003	38.8051539557	0.841659902132	20.2738150572
29.570408883200002	0.0	21.529188211399997	12.548284665599999	11.9697743755	4.2759400341000005	9.42099351432	72.2127833587	0.238548281568	24.8895879391
8.26016476511	0.414873064787	13.1018464529	9.168900702250001	16.710459364400002	5.51298592344	22.702980072600003	9.73919881155	0.49278147101	23.0949711007
0.467178956379	0.0229829327818	37.4386643513	13.217067803499999	37.915968398800004	9.279901347180001	38.751101485700005	15.076267243	0.270195269098	19.6226797741
9.87436030908	0.00905424008225	14.134476279400001	12.649069918099999	31.1097357469	2.40115847972	22.194619888800002	53.411330696	0.188079092711	21.4800159963
3.0714143109200003	0.202713946071	20.6212576858	6.63429858767	24.0469841112	9.83743018904	31.4346233517	153.490486431	1.02974567388	9.4324424612
18.7524817976	0.140794424886	25.4847029406	17.070694007	11.8131852349	5.114921542099999	20.0074649271	28.526457873000002	0.357802985453	13.1105328946
5.61327072699	0.00836215617924	14.3046182469	5.6608813483599985	16.2256964887	13.7998099905	24.277177348800002	51.875305494799996	0.337242115383	26.5595504648
7.199880119510001	0.106590239117	13.924720393900001	10.7071126613	17.7231828834	3.76498088354	19.987136946099998	36.7403029405	1.15767127293	17.5303771614
9.6877723752	0.129386761897	16.192016460799998	8.02861794369	5.18073192659	3.91044076668	15.440766169000002	64.1232798003	0.228739144526	16.669858548
120.045807028	0.0153360674756	22.4973867733	9.69647028299	18.4824682253	2.55705776048	51.2595879164	18.9566920519	0.0921814586853	17.0172015524
0.46803281777	0.0250651230437	9.294516366649999	3.90505540422	48.157703371800004	92.3781275499	55.7679080283	92.28055514270001	0.272795208028	12.2403046689
2.43512815048	0.0120426602274	6.2665555503600014	3.85003985573	6.94549872928	4.71686086509	18.8144757406	23.951115851999997	0.124412698486	7.749030278039999
6.40377232907	0.0191450376842	15.4824085502	13.4934144533	7.07164756915	4.31780552301	11.451778805999998	65.2272941719	0.394063710808	17.4589598633
4.8948341248	0.00257446233944	11.9047816303	9.01674093898	31.010449332399997	5.84221053156	20.9465615511	63.6298329814	1.02290874613	17.170386404600002
5.10727828236	0.0983102783576	14.6687563721	12.6274940643	26.5675716681	5.7927442483	22.2076226482	70.5758452514	0.571638801991	27.7708697054
2.31945247562	0.0932803924553	7.054786899760001	3.5796186031	19.190362794200002	24.9400720471	64.9089205936	96.8027529842	0.296009375001	30.718671363200002
11.2164614042	0.0487990865474	11.5775331587	8.3302435634	14.1545164153	4.31629548415	32.674812296199995	27.8507499095	0.17014460740899998	28.2404831006
4.49792779742	0.057266780012	25.8044682031	10.5515875962	18.9120492872	30.1505944512	19.6443773709	55.5444983875	0.572007680994	25.1517285406
18.0968887879	0.480156521448	26.594339344	12.454441603	10.5294529931	13.9099555055	32.4291718224	23.5394920835	0.304928473448	18.2200940954
6.2493431639	0.181795606831	10.363553697999999	4.49219048208	26.652165167399996	6.72430779962	49.4032918092	30.0603933306	0.25237452983	9.96993665463
8.91022871204	1.86618636785	17.7952928551	9.34586184789	13.5441700432	9.30857731951	22.8086973819	33.0512687644	0.246131930992	28.0746576092
3.85995962946	0.029117302153	12.0005710947	11.6593314544	2.1108797022	9.43938616302	20.977115881099998	30.3900487017	0.801549300677	11.9607370125
4.91174505845	0.0	14.9866753914	6.964464114430001	9.27267845211	3.68479912465	18.476757804000002	3.87330473231	0.17615751536200006	17.8763183019
3.904310895430001	0.0078808623194	34.027594852	13.083149470599999	14.862434353800001	9.14571786224	10.8995195123	648.820608871	0.283871639589	21.0355040689
11.744858007000001	0.00952035981536	19.340296489900002	10.29647322	12.216562319400001	6.56719077554	64.4244580202	6.49004093944	0.618530834202	16.5945652922
3.24305394827	0.0183003048668	13.713730713099999	11.0817864597	29.947262137800003	3.41602789702	15.9207988428	45.8984787046	0.426649701198	11.926269855
6.93859234546	0.0422080087886	12.005101885699997	5.04453051297	19.349642878599997	4.666369963719999	70.1444089939	33.0965470991	0.138743453401	29.9941931082
2.21460405485	0.008370613309189999	16.9773369986	6.094146896	16.6004361351	3.852398666630001	63.0710813698	56.161498209399994	0.432229798379	15.9010680421
0.537431031187	0.1357464727	9.79631356952	4.688322246219999	13.9887636817	4.31587592921	74.7268242524	31.8391661628	0.101992475294	25.3221268571
9.41885587776	0.540009122547	12.9797098451	7.358407280289999	35.9567417039	149.506883238	29.500248117800002	26.6135949227	0.5053458366820001	16.4211305261
7.45217053489	0.0793918976689	13.9919375439	10.437994768400001	23.319117124499996	5.4216720488	20.3992749235	52.6654169491	0.396940518016	16.9512327348
1.25475014784	0.1379904575	6.48955174227	4.23146164057	17.7213088112	13.9742828861	139.181048782	29.2420349409	0.485208124258	23.248774414699998
20.1937204778	0.0259405570911	13.4879372338	7.72886896217	13.103484228900001	4.14617727185	31.8047040525	10.810418650799999	1.1092282696	27.1228355889
20.0057742554	0.0372688598567	31.1751325854	9.59500320233	12.5544055538	6.558096226569999	85.4759089609	13.9914933501	0.238289682571	35.4803432621
2.75193921126	0.0252791501332	13.597277585999999	6.57197024776	30.26088322	9.06530495728	59.159091859899995	47.779559834	0.300861378338	18.7151830701
1.43165049307	0.0	6.25821679484	4.93974730973	52.91267047149999	3.92957750156	93.4494619339	32.3125032044	0.0751966151949	23.517805218299998
15.5733289647	0.0	29.567996511599997	8.71134431145	1.5781322216	1.40178017001	40.312643270100004	6.16043940704	0.505110583226	19.3123899616
14.9970665755	0.0838594051801	19.5883039726	9.27423518628	23.7181662645	9.35904622407	42.9877586745	13.5925740639	0.58588301607	15.4181104922
9.287917703689999	0.00811547977001	15.5625831775	8.60380492559	49.3129715839	34.862299826	32.2237533861	14.099016871199998	0.274388744005	32.295688341900004
3.0989536240900004	0.126728770822	12.5589796416	10.4602708711	42.5687308949	4.81285798545	31.2130472487	6.203397450669999	0.218039082687	34.535452698200004
6.22699076579	0.023801661561	16.5546503632	11.524818099	33.1553620908	3.82667626628	26.8112971179	58.61005455220001	0.811509582624	15.2109277095
45.0616622603	0.0975346276402	17.3920873085	8.49658785267	30.4225179647	3.47017318566	24.883661287	12.036139006500001	0.507586897736	20.138179433
3.089172044	0.0137069877464	7.67998348249	4.26358961381	22.964023338	5.41619853215	55.897879708599994	29.201914987600002	0.316532987263	35.784713676100004
1.04967325427	0.0110471106591	11.3619694765	10.299730159600001	21.0084600512	5.131795582950001	49.7724373001	64.39787731199999	0.595661035489	20.3280325998
1.9074979728	0.0194556597861	12.8559821953	6.58276482189	34.5742457024	5.18742623141	29.666185228099998	168.286586543	4.27961066518	37.504839931
5.46374035796	0.0376327117418	8.01248762835	4.37566878036	22.436601705900003	4.744667184130001	56.4002404886	41.3856549772	0.159047782771	25.845994722399997
28.9868601393	0.130444419998	18.9939198045	10.0089519484	35.8471084591	5.15729850648	21.9135250993	477.178791915	0.488442563347	21.2902698326
6.50381074623	0.00781932482005	16.0971191824	8.12711830457	4.4549530389	3.51746580212	28.463736243000003	45.413984356	0.382739818319	15.4094870176
0.438051437583	0.023417148561	10.5455198988	8.058730796599999	24.709558090500003	7.830840308260001	51.462846839300006	152.026261208	0.8974604509890001	36.859262789
1.21615712818	0.007899634738359999	22.640383282	11.9607893849	5.70991526291	8.54758452695	38.8026493428	526.998354365	0.361940183583	20.7615682441
19.6860222237	0.432090756887	16.7528271726	11.560276406	23.8778994904	7.080796533889999	43.529078602	25.606656650500003	0.763880853335	30.3679529614
8.757359663019999	0.00518986941472	13.1329894057	9.91173242024	30.7642378746	5.01543009524	22.202231963699997	52.406703969300004	0.414022833995	18.3368869899
3.84754204808	0.0176399120244	9.62625625909	5.36394339023	20.034293448699998	3.60727230101	40.3754199559	24.740741790900003	0.283784359189	18.5463001059
14.2941610053	0.0843320861772	13.358831287200001	7.43471684964	6.631873606390001	4.40328603986	46.78998966939999	51.2239646941	0.21120839078	17.9840362811
29.3522479723	0.114536442383	16.6049690631	15.098150411099999	26.9719046789	10.2321237758	22.4690060554	14.7131190333	1.1017190184	36.3124398289
14.629459728299999	0.0429819803826	11.953089345699999	17.6129380363	3.99390362711	5.72338713504	27.0977293434	13.5293661399	0.323673733222	19.7591741363
7.16359070896	0.261439266915	15.4828752624	4.2208456188	4.85350761312	4.411669720319999	35.9036052534	468.459567223	0.0716823973367	18.1422525837
20.0638766273	0.0358795475197	12.786680275999998	10.9900371638	30.5311684726	2.99781147934	13.745976343099999	21.269250954300002	0.437783185602	13.3970359015
163.928117909	0.143704410166	28.4201116676	9.54344790017	26.7692424348	3.1902672985	33.48971308780001	38.6845919442	0.449881809447	25.622344264400002
3.19008253122	0.019955460425	16.274091171600002	11.3717612431	6.217936751980001	3.4421111995	12.859808886	82.70394563079998	0.62472673135	13.0741063867
0.8698304680869999	0.00295350152559	16.695208338	7.737457246639999	3.4665808691199995	5.041768404080001	31.2728784934	69.7509159242	1.62777475998	17.7019312883
10.5774727267	0.0292142889283	20.6315676177	6.3676944448800015	12.1215844491	1.91742404666	28.770654036	12.0738033824	0.0663195758292	13.7037659247
4.91371528881	0.00763173903936	10.5299432036	9.46866718628	11.8205962319	7.59540706269	33.291670940799996	97.0486179617	0.193946529822	27.2356861185
1.10216776714	0.855066106522	8.32768793958	4.85406364849	14.6001496005	11.4637605048	40.6315099474	135.688145993	0.296930629225	39.4994267419
45.817193351899995	0.0308908638849	35.0131098722	10.345233306699999	29.1884837588	8.883761413630001	27.9481354924	711.302613362	0.26727918926	23.8052639989
1.42509138163	0.0157627468239	1.97832746311	2.11712419926	14.1518199292	2.08284130395	110.90361742299999	44.174231641400006	0.0661829562868	62.0246106395
5.34552041001	0.367086661152	12.252853178199999	17.2613953458	9.60247215798	46.569904148599996	4.58878987009	13.861530860799999	5.15113569494	10.3044663907
3.50767230139	0.0141496911541	15.867589385	8.08675544751	7.35234848592	4.95232943335	54.9723988097	49.898644976899995	0.559706889867	22.3126603893
20.815648368399998	1.32210849671	16.2910544373	39.5172960504	38.857431544200004	4.00342913211	20.0482082115	22.4744832518	0.281822596715	31.934397882800003
6.784850934730001	0.0192008185634	14.4980878306	7.189262171419999	70.4635039783	4.78178426691	32.218686158400004	55.7355769933	0.308683490796	16.6065245413
1.49232933257	0.004396740778729999	11.337385008900002	9.22754761885	3.8669815484	6.019782416059999	25.5439398386	70.45700971810001	1.19022100809	16.0108863956
2.71299301996	0.0295218144371	11.789209491600001	5.71553213281	18.9519758054	18.3074213056	100.937761861	43.8066118184	0.608022456814	13.539148389500001
0.8413146864159999	0.20862622453200005	11.492346344200001	26.678210669400002	22.0041042081	7.429223170139999	21.8515588917	30.0424015716	0.361297290423	25.17172627
7.550602511010001	0.540875710412	19.0426236547	4.07474431734	16.903919826400006	4.43654501242	40.4515293145	68.93257535939999	0.189400886811	90.2564282425
6.02082575877	0.00926283634694	12.803107676600002	11.1894711711	38.542132533	10.0739099216	23.7850002575	39.5063259442	0.493823751689	19.943962952
17.2591828086	0.035332178835400005	13.9367445739	9.64701933699	6.45334107579	3.7050477662	54.8011876469	13.612604259400001	0.628531375164	30.7318275356
2.43394863148	0.0	8.46927425467	3.46068231019	18.4969153596	10.7418546578	59.543216017700004	31.5903406345	0.215163761063	10.3057676941
18.7237934981	0.439342197994	15.080082705499999	11.165832659400001	25.1796807683	11.752410138599998	20.1996292388	38.467042936	0.369216189643	22.8834594558
9.655508853410002	2.9798389155	23.1809685877	13.058427786	11.1659820862	12.505781795	80.3590922687	40.4851107144	0.6768029915129999	26.959862386999998
