0.148762383
0.15457484
0.16017093
0.168562066
0.167896428
0.147666174
0.140527601
0.144443996
0.146408153
0.156268545
0.143184359
0.141756437
0.147386793
0.181686298
0.130794702
0.14944565
0.140527601
0.148088003
0.256891857
0.175352855
0.140527601
0.152881237
0.146857169
0.185048553
0.191845767
0.094878084
0.143600893
0.148280599
0.123968792
0.146857169
0.162378052
0.12404453
0.118954682
0.148478184
0.162909938
0.158046116
0.164156158
0.122926465
0.188508537
0.182579216
0.09180171
0.140527601
0.123134317
0.274057809
0.14944565
0.140643083
0.177251386
0.142525447
0.179470777
0.140527601
0.140527601
0.174223735
0.148280599
0.148011362
0.186605585
0.182275834
0.152881237
0.141179913
0.147433005
0.140527601
0.183077722
0.18760857
0.140527601
0.226713749
0.114949302
0.149313557
0.140527601
0.146857169
0.16570708
0.157106303
0.241841274
0.182352973
0.223959307
0.248078408
0.22676392
0.248719475
0.217427652
0.202061344
0.233581214
0.189686962
0.215577513
0.234245463
0.217340015
0.241783771
0.222885768
0.253670847
0.234690269
0.240027815
0.205466321
0.229316344
0.212027163
0.233302702
0.221362957
0.226162312
0.247440184
0.211915354
0.244305047
0.222027174
0.202203265
0.230460772
0.221549382
0.236349932
0.242813506
0.192401799
0.078542914
0.215929213
0.20912901
0.202912393
0.241154478
0.234024921
0.233438827
0.194984124
0.1991891
0.207730391
0.227971967
0.243699187
0.223530251
0.225938259
0.259891913
0.202130523
0.206670823
0.194693776
0.197432576
0.194861221
0.202803001
0.194865432
0.195365882
0.223085922
0.222197902
0.198752097
0.236445495
0.225401942
0.222266609
0.227868928
0.207933805
0.24188303
0.255372092
0.271146851
0.234857771
0.228755566
0.234563259
0.203542376
0.218271354
0.207336364
0.232892836
0.251188083
0.211561478
0.244317635
0.222585875
0.261664382
0.237110053
0.262976474
0.239821624
0.265558461
0.247903773
0.227552658
0.250684443
0.240041188
0.245078012
0.243415552
0.246232823
0.233132247
0.237223169
0.264725166
0.239261546
0.276356418
0.236703597
0.222769273
0.244990921
0.250083092
0.241038495
0.236509301
0.227720442
0.255973611
0.246860616
0.270928703
0.220739482
0.240466048
0.250244396
0.257422415
0.263430912
0.24531338
0.233972846
0.379341786
0.338432287
0.364676983
0.354319696
0.290641729
0.358115845
0.367494624
0.349672485
0.323333567
0.347820658
0.322751424
0.355732197
0.256858828
0.292741201
0.316923256
0.346318061
0.356476504
0.323333567
0.287789225
0.359846224
0.332947245
0.295835901
0.36396015
0.319849032
0.330924689
0.336917016
0.268592265
0.316027735
0.302847084
0.348409137
0.347597739
0.368593288
0.331727389
0.329731722
0.354133697
0.3272713
0.363679926
0.345089075
0.320510875
0.35959441
0.314779825
0.354640096
0.360221002
0.353757814
0.361099008
0.322371501
0.372017577
0.360494544
0.360936328
0.347624226
0.316181212
0.287735892
0.347146836
0.35173925
0.344254631
0.338255884
0.28964955
0.280011776
0.310263122
0.324349149
0.350799771
0.320513711
0.36276258
0.35447004
0.311535985
0.306171843
0.292399266
0.350589048
0.357105223
0.298167613
0.310263122
0.347755069
0.348190133
0.341822674
0.32120346
0.34988337
0.32120346
0.356833368
0.349725036
0.318111274
0.349690625
0.069125449
0.016363173
0.038741576
0.001256906
0.005693265
0.026254266
0.017512348
0.002064456
0.011642331
0.054189875
0.032224838
0.020414523
0.001357841
0.001982819
0.031903344
0.002732704
0.012367027
0.068034581
0.043720598
0.052296212
0.024995744
0.052237206
0.008851099
0.006772615
0.00378336
0.007193064
0.003098971
0.007416966
0.044961465
0.002003061
0.060595608
0.003350837
0
0.030927601
0.001827938
0.002941183
0.045747732
0.004614373
0.000936739
0.002643619
0.009732449
0.059373828
0.016471093
0.007466866
0.001985343
0.000893521
0.029177425
0.000666754
0.046032147
0.002354662
0.051973251
0.003830953
0.068665893
0.04355315
0.001253459
0.064801249
0.012478179
0.008532755
0.031638222
0.005602782
0.061807529
0.024156913
0.036583477
0.008241072
0.030544193
0.027678054
0.001412808
0.009555463
0.060994714
0.00124038
0.043500882
0.000800409
0.002561722
0.011832964
0.003045703
0.007257333
0.001199098
0.006305397
0.02302988
0.001963501
0.446065535
0.442907197
0.453184697
0.46910242
0.448505701
0.442788235
0.409861278
0.318741445
0.446093648
0.420655205
0.41917912
0.440882335
0.385866368
0.464494328
0.444696041
0.457236279
0.453043096
0.441056031
0.437417128
0.416485033
0.450189704
0.445684493
0.414347954
0.383072903
0.461282247
0.381528907
0.447556963
0.451718357
0.401304848
0.444423365
0.459327847
0.418120027
0.442775901
0.429947712
0.47859567
0.306621054
0.471538554
0.281818612
0.407577508
0.411652374
0.296711875
0.462714047
0.445516724
0.428609905
0.385942
0.424573347
0.44813736
0.432088508
0.41346914
0.449086064
0.460886132
0.427269022
0.443157306
0.422606975
0.409627707
0.440938957
0.444437117
0.449920871
0.378894206
0.289896315
0.398458495
0.309222478
0.441565213
0.425148507
0.45262682
0.401942519
0.392635367
0.435920072
0.446044495
0.380547858
0.43573163
0.39861331
0.428906994
0.435879391
0.323432305
0.42886232
0.443128642
0.424540684
0.442483548
0.314704123
0.453959367
