Bptf	Cbfa2t3h	Erg	Ets1	Ets2	Etv6	Fli1	Gata1	Gata2	Gata3	Gfi1b	Hhex	Hoxa5	Hoxa9	Hoxb4	Ikzf1	Ldb1	Lmo2	Lyl1	Meis1	Mitf	Myb	Nfe2	Nkx2.3	Notch	Pbx1	Prdm16	Runx1	Smarcc1	Tal1	Tcf7
HSC_150_043	1	1	1	1	1	1	1	0	1	1	1	1	0	1	0	1	1	1	1	1	0	1	1	1	0	1	1	1	1	1	0
HSC48_013	1	1	1	0	1	1	1	0	1	1	1	1	0	1	0	1	1	1	1	1	1	0	1	1	0	1	1	1	1	1	0
HSC48_083	1	1	1	1	1	1	1	0	1	1	1	1	0	1	0	1	0	1	1	1	0	0	1	1	0	1	1	1	1	1	0
HSC34_387	0	1	1	1	1	1	1	0	1	1	1	1	0	1	0	1	1	1	1	1	0	1	1	1	0	1	1	1	1	1	0
HSC48_049	1	1	1	1	1	1	1	0	1	1	1	1	0	1	0	1	1	1	1	1	1	0	1	1	0	1	1	0	1	1	0
HSC_150_035	1	1	1	0	1	0	1	0	1	0	1	0	0	1	0	1	0	1	1	0	0	0	1	1	0	0	1	0	1	1	0
HSC_150_052	1	1	1	0	1	1	1	0	1	1	1	0	0	1	0	0	1	1	1	1	1	1	1	0	1	1	1	1	1	1	0
HSC_150_160	1	1	1	0	1	1	1	0	1	0	1	0	0	1	0	0	1	1	1	1	1	0	1	1	0	1	1	0	1	0	0
HSC_150_165	1	1	1	1	1	0	1	0	1	1	1	1	0	0	0	1	1	1	1	1	1	0	1	1	0	1	1	1	1	1	0
HSC48_205	1	1	1	1	1	1	1	0	1	1	1	1	1	1	1	1	0	1	1	1	0	0	1	1	1	1	1	1	1	1	0
HSC_150_150	1	1	1	1	1	1	1	0	1	1	1	1	0	1	0	1	1	1	1	1	0	0	1	1	0	1	1	0	1	1	0
HSC34_338	1	1	1	0	0	1	1	0	1	1	1	1	0	1	0	1	1	1	1	1	1	1	1	1	1	1	1	1	1	1	0
HSC_150_112	1	1	1	0	1	1	1	0	1	1	1	1	0	0	0	1	1	1	1	1	0	0	1	1	0	0	0	0	1	0	0
HSC_150_063	1	1	1	0	1	0	1	0	1	0	1	1	0	1	0	1	1	1	1	1	1	0	1	1	0	1	0	1	1	1	0
HSC34_224	1	1	1	0	1	1	1	0	0	1	1	1	0	1	1	1	1	1	1	1	0	0	1	1	0	1	1	1	1	1	0
HSC_150_121	1	1	1	0	1	1	1	0	1	1	1	0	0	0	0	0	1	1	1	1	1	0	1	1	0	1	1	1	1	1	0
HSC34_413	1	1	1	1	1	1	1	0	1	1	1	1	0	0	1	1	1	1	1	1	0	0	1	1	1	1	1	1	1	1	0
HSC_150_155	1	1	1	0	1	1	1	0	1	0	1	1	0	1	0	1	1	1	1	1	1	0	1	1	0	1	0	0	1	1	0
HSC_150_100	1	0	1	0	1	1	1	0	1	0	1	1	0	1	0	1	1	1	1	1	0	1	1	1	0	1	1	1	1	1	0
HSC34_417	1	1	1	0	1	1	1	0	1	1	1	1	0	1	1	1	1	1	1	1	1	1	1	1	0	1	0	1	1	1	0
HSC48_018	1	1	1	0	0	1	1	0	1	1	1	1	0	1	0	1	1	1	1	1	0	0	1	1	0	1	1	0	1	1	0
HSC48_130	1	1	1	1	1	1	1	0	1	1	1	1	1	1	0	1	1	1	1	1	0	1	1	1	0	1	1	1	1	1	0
HSC48_199	1	1	1	0	1	1	1	0	1	1	1	1	0	1	0	1	1	1	1	1	1	1	1	1	0	1	1	1	1	1	0
HSC_150_069	1	1	1	1	1	0	1	0	1	1	1	0	0	0	0	1	1	1	1	1	1	0	1	1	0	1	1	0	1	1	0
HSC_150_083	1	1	1	1	1	0	1	0	1	1	0	1	0	1	0	1	0	1	1	1	1	0	1	1	0	0	0	0	1	1	0
HSC_150_122	1	0	1	0	0	0	1	0	1	0	1	1	1	0	0	1	1	1	1	1	1	0	1	0	0	1	1	1	1	1	0
HSC_150_039	1	1	1	1	0	0	1	0	1	1	1	1	0	1	0	1	1	1	1	1	1	0	1	1	0	1	0	0	1	1	0
HSC_150_142	1	1	1	0	1	0	1	0	1	0	0	1	0	1	1	1	0	1	1	1	1	0	1	1	0	1	1	1	1	1	0
HSC_150_125	1	1	1	1	1	0	1	0	1	0	1	0	0	1	1	1	1	1	1	1	1	0	1	1	0	1	1	0	1	1	0
HSC_150_082	1	1	1	1	1	0	1	0	1	0	1	1	1	1	0	1	1	1	1	1	0	1	1	1	0	1	0	0	1	1	0
HSC48_085	1	1	1	0	1	1	1	0	1	1	1	1	1	1	0	1	1	1	1	1	1	0	1	1	1	1	0	1	1	1	0
HSC34_244	1	1	1	0	1	1	1	0	1	1	1	1	0	1	0	1	0	1	1	1	0	1	1	1	0	1	1	1	1	1	0
HSC_150_168	1	1	1	0	1	0	1	0	1	0	0	0	1	1	0	1	1	1	1	1	0	0	1	1	0	1	1	0	1	1	0
HSC48_079	1	1	1	0	1	1	1	0	1	1	1	0	0	1	0	1	0	1	1	1	1	0	1	1	0	1	1	1	1	0	0
HSC_150_018	1	1	1	1	1	1	1	0	1	0	1	1	0	1	0	0	1	1	1	1	0	1	1	1	0	1	1	1	1	0	0
HSC34_255	1	1	1	0	1	1	1	0	1	1	1	1	0	0	0	1	1	1	1	1	1	1	1	1	0	1	0	1	1	1	0
HSC48_070	1	1	0	1	1	1	1	0	1	0	1	1	1	1	1	1	1	1	1	1	0	0	1	1	1	1	1	1	1	1	0
HSC_150_062	1	1	1	1	1	0	1	0	1	1	1	0	0	1	1	1	0	1	1	1	1	1	1	1	0	1	1	0	1	0	0
HSC48_057	1	0	1	0	1	1	1	0	1	1	1	1	0	1	1	1	1	1	1	1	1	0	1	1	0	1	1	1	1	0	0
HSC_150_003	1	1	1	0	1	1	1	0	1	1	1	1	0	1	0	1	1	1	1	1	1	1	1	1	0	1	0	1	1	1	0
HSC48_120	1	1	1	1	1	1	1	0	1	1	1	1	1	1	0	1	1	1	1	1	0	0	1	1	0	1	1	1	1	1	0
HSC34_228	1	1	1	1	1	1	1	0	1	0	1	1	1	1	0	1	1	1	1	1	0	1	1	1	0	1	0	1	1	1	0
HSC_150_185	1	1	1	1	1	1	1	0	1	0	0	1	0	1	0	0	1	1	1	1	0	0	1	0	0	1	1	1	1	1	0
HSC_150_075	1	1	1	0	1	0	1	0	1	0	1	0	0	0	0	1	1	1	1	0	1	0	1	1	0	0	0	0	1	1	0
HSC_SP_035	1	1	1	0	1	1	1	0	1	1	1	0	0	1	0	1	0	1	1	1	1	1	1	1	0	1	1	1	1	1	0
HSC_150_088	1	1	1	0	1	1	1	0	1	0	0	0	1	1	0	1	1	1	1	1	1	0	1	1	0	1	0	1	1	1	0
HSC_SP_088	1	1	1	1	1	1	1	0	1	1	1	1	1	1	1	1	1	1	1	1	1	0	1	1	0	1	1	1	1	1	0
HSC_150_127	1	1	1	1	1	1	1	0	1	1	1	1	0	1	1	1	1	1	1	1	0	0	1	1	1	1	1	1	1	0	0
HSC48_125	0	1	1	1	1	1	1	0	1	1	0	1	1	0	0	1	1	1	1	1	0	0	1	1	1	1	0	1	1	1	0
HSC_150_064	1	1	1	1	1	0	1	0	1	1	1	1	0	0	0	1	1	1	1	1	0	1	1	1	0	1	1	1	1	1	0
HSC_150_029	1	1	1	1	1	0	1	0	1	0	1	1	1	1	0	1	1	1	1	1	1	0	1	1	0	1	1	0	1	1	0
HSC48_106	1	1	1	1	1	1	1	0	1	0	0	1	0	1	0	1	1	1	1	1	0	0	1	1	0	1	1	1	1	1	0
HSC_150_189	1	1	1	0	1	1	1	0	1	1	1	1	0	1	0	1	1	1	1	1	0	0	1	1	0	1	0	1	1	1	0
HSC_150_161	1	1	1	1	1	1	1	0	1	1	1	1	1	1	0	0	0	1	1	1	0	0	1	0	0	1	0	0	1	1	0
HSC_SP_005	1	1	1	1	1	1	1	0	1	1	1	1	0	1	0	1	1	1	1	1	0	1	1	1	0	1	1	1	1	1	1
HSC_150_135	1	1	1	1	1	1	1	0	1	0	1	1	1	1	0	1	1	1	1	1	0	0	0	1	1	1	0	1	1	1	0
HSC_150_140	1	1	1	0	1	1	1	0	1	0	1	1	0	0	1	1	1	1	1	1	0	1	1	1	1	1	1	1	1	0	0
HSC48_164	1	1	1	0	1	1	1	0	1	0	1	1	1	1	0	1	0	1	1	1	0	0	1	1	1	1	1	1	1	1	0
HSC_150_096	1	1	1	0	1	1	1	0	1	1	0	1	0	0	0	0	1	1	1	1	1	0	1	1	1	1	1	1	1	1	0
HSC_150_145	1	0	1	0	1	1	1	0	1	0	1	1	0	1	0	1	0	1	1	1	1	0	1	1	0	1	0	1	1	0	0
HSC_150_037	1	1	1	0	1	0	1	0	1	1	1	1	1	1	0	1	1	1	1	1	0	0	1	1	0	1	1	0	1	0	0
HSC48_111	1	1	1	1	1	1	1	0	1	1	1	1	0	1	0	0	1	1	1	1	0	0	1	0	1	1	0	1	1	1	0
HSC48_076	1	1	1	1	1	1	1	0	1	1	1	1	1	0	1	1	1	1	1	1	0	1	1	1	0	1	0	1	1	1	0
HSC_150_205	1	0	1	1	1	1	1	0	1	0	0	0	1	1	0	1	0	1	1	1	0	1	1	0	0	1	1	1	1	0	0
HSC_150_113	1	1	1	1	1	1	1	0	1	1	1	1	0	1	0	1	1	1	1	1	0	0	1	0	0	1	0	1	1	1	0
HSC_150_038	1	1	1	0	1	0	1	0	1	1	1	1	1	1	1	1	1	1	1	1	1	0	1	1	0	1	0	0	1	0	0
HSC48_155	0	1	1	1	1	1	1	0	1	1	1	0	0	1	0	1	1	1	1	1	1	0	1	1	0	1	1	1	1	1	0
HSC34_220	1	1	1	1	1	1	1	0	1	1	0	0	0	1	0	1	0	1	1	1	1	0	1	1	0	1	1	1	1	1	0
HSC48_166	1	1	1	0	1	1	1	0	1	1	1	1	0	1	0	1	1	1	1	1	0	0	1	1	0	1	1	0	1	0	0
HSC48_058	1	1	1	1	1	1	1	0	1	1	1	1	1	0	1	1	1	1	1	1	0	0	1	1	1	1	1	1	1	1	0
HSC48_031	1	1	1	0	0	1	1	0	1	1	1	1	0	1	1	1	1	1	1	1	1	0	1	1	0	1	0	1	1	1	0
HSC_150_055	1	0	1	1	1	0	1	0	1	0	0	0	0	1	0	1	1	1	1	0	1	0	1	0	0	1	1	0	1	0	0
HSC48_127	1	1	1	0	1	1	1	0	1	1	1	0	1	1	1	1	1	1	1	1	1	0	1	1	1	1	1	1	1	0	0
HSC48_113	1	1	1	1	1	1	1	0	1	1	1	1	0	1	1	1	1	1	1	1	1	0	1	1	1	1	1	1	1	1	0
HSC34_333	1	1	1	1	0	0	0	0	1	1	1	1	0	1	1	1	0	1	1	1	0	1	1	1	0	1	1	1	0	1	0
HSC34_257	1	1	1	1	1	1	1	0	1	0	0	1	0	1	0	1	1	1	1	1	0	1	1	1	1	1	1	1	1	1	0
HSC_150_095	1	1	1	0	1	1	1	0	1	0	0	1	1	0	0	1	1	1	1	1	0	0	1	0	0	1	0	1	1	0	0
HSC_150_093	1	1	1	0	1	1	1	0	1	1	0	0	1	1	1	0	0	1	1	1	0	1	1	0	0	1	1	1	1	1	0
HSC48_020	1	0	1	0	1	1	1	0	1	1	1	1	0	1	1	1	1	1	1	1	0	0	1	1	0	1	1	1	1	1	0
HSC_150_024	1	1	1	1	1	1	1	0	1	1	1	1	0	1	1	1	1	1	1	1	1	1	1	0	0	1	0	1	1	0	0
HSC34_320	1	0	1	0	1	1	1	0	1	1	1	1	0	1	0	1	1	1	1	1	0	1	1	1	0	1	0	1	1	1	0
HSC_150neg_112	1	1	0	0	1	1	1	0	1	0	0	0	0	0	0	0	0	1	1	1	0	0	1	1	0	1	1	1	1	1	0
HSC34_265	1	1	1	1	1	1	1	0	1	1	1	1	0	0	0	1	1	1	1	1	1	1	1	1	0	1	0	1	1	1	0
HSC34_409	1	1	1	0	0	1	1	0	1	1	1	0	0	0	0	1	1	1	1	1	1	1	1	1	0	1	1	1	1	1	0
HSC_150neg_238	1	1	1	1	1	1	1	0	1	1	1	1	0	1	1	1	1	1	1	1	0	1	1	1	0	1	1	1	1	1	0
HSC_150_132	1	1	1	0	1	1	1	0	1	1	0	1	1	1	0	1	1	1	1	1	0	1	1	1	0	1	0	1	1	1	0
HSC_150_060	1	1	1	0	0	1	1	0	1	1	1	1	1	0	0	1	1	1	1	1	1	1	1	1	1	1	1	1	1	1	0
HSC48_068	1	1	1	0	0	1	1	0	1	1	1	1	0	1	0	1	1	1	1	1	0	0	1	1	0	0	1	1	1	1	0
HSC48_198	1	1	0	1	0	1	1	0	1	0	0	1	1	1	0	1	1	1	0	1	1	0	1	1	0	1	0	1	1	1	0
HSC48_105	1	1	1	1	1	1	1	0	1	1	1	1	0	1	0	1	1	1	1	1	0	0	1	0	1	1	1	1	1	1	0
HSC_150neg_046	1	1	0	0	1	1	1	0	1	1	0	0	0	1	0	1	0	1	1	1	1	1	1	1	0	1	1	1	1	0	0
HSC_150_195	1	1	1	1	1	1	1	0	1	1	1	0	1	1	0	1	0	1	1	1	1	0	1	1	0	1	1	0	1	1	0
HSC48_012	1	1	1	0	1	1	1	0	1	1	0	0	0	1	0	1	1	1	1	1	1	0	1	1	0	1	1	1	1	1	0
HSC48_117	1	1	1	0	1	1	1	0	1	1	0	1	0	1	1	1	1	1	1	1	0	0	1	1	0	1	0	1	1	1	0
HSC_150neg_225	1	1	1	0	1	1	1	0	1	1	0	1	1	0	0	1	1	1	1	1	1	1	1	1	0	1	0	1	1	1	0
HSC_150_091	1	1	1	0	0	1	1	0	1	1	1	1	0	1	1	1	1	1	1	1	0	0	1	1	0	1	1	1	1	0	0
HSC48_038	1	1	1	0	1	1	1	0	1	0	1	1	1	1	1	1	1	1	1	1	0	0	1	1	0	1	1	0	1	1	0
HSC34_368	1	0	1	0	1	1	1	0	1	1	1	1	0	1	0	1	0	1	1	1	1	1	1	1	0	1	0	1	1	1	0
HSC_150neg_279	1	1	0	0	0	1	1	0	1	0	0	1	0	1	0	1	0	1	1	1	0	0	1	1	0	1	1	0	1	1	0
HSC_150_173	1	1	1	1	0	1	1	0	1	1	1	0	1	0	0	1	1	1	1	1	0	1	1	1	1	1	1	1	1	1	0
HSC_150_124	1	1	1	0	0	1	1	0	1	0	0	0	0	0	0	1	1	1	1	1	1	0	1	0	1	1	1	0	1	1	0
HSC_150neg_200	1	1	1	0	0	0	0	0	1	0	0	1	0	1	0	1	1	1	1	1	0	0	1	1	0	1	1	0	1	1	0
HSC34_399	0	0	1	0	1	1	1	0	1	0	0	1	0	1	0	0	1	1	1	1	0	0	1	1	1	1	1	1	1	0	0
HSC_150_146	1	1	1	0	0	1	1	0	1	1	1	1	1	1	0	0	1	1	1	1	0	0	1	1	1	1	0	0	1	1	0
HSC_150neg_252	1	1	1	0	1	1	1	0	1	1	1	1	0	1	0	1	1	1	1	1	0	0	1	1	1	1	0	0	1	1	0
HSC_150neg_260	1	1	1	0	1	0	1	0	1	0	1	1	0	0	1	1	1	1	1	1	1	0	1	1	1	1	0	1	1	1	0
HSC48_094	1	1	1	1	1	1	1	0	1	1	1	1	0	1	1	1	1	1	1	1	1	1	1	1	0	1	0	1	1	1	0
HSC34_364	1	1	1	0	1	1	1	0	1	1	0	1	0	0	0	1	0	1	1	1	0	1	1	1	0	1	0	1	1	1	0
HSC_150neg_091	1	1	1	0	0	1	1	0	0	0	1	0	1	0	1	1	0	1	1	1	0	0	1	1	0	1	1	0	1	1	0
HSC_150neg_069	1	1	1	0	1	1	1	0	1	1	1	1	1	1	1	1	1	1	1	1	0	0	1	1	0	1	0	0	0	1	0
HSC_150neg_246	1	1	1	0	0	1	1	0	1	1	1	1	0	1	0	1	1	1	1	1	0	0	1	1	0	0	1	1	1	1	0
HSC48_116	1	1	1	0	0	1	1	0	1	1	0	0	0	0	0	1	1	1	1	1	1	0	1	0	0	0	1	1	1	1	0
HSC_150neg_247	1	1	1	0	0	0	1	0	1	1	0	1	0	1	0	1	1	1	1	1	0	1	1	1	0	1	1	1	1	1	0
HSC_150_110	1	1	1	1	1	1	1	0	1	1	1	0	0	1	0	1	0	1	1	1	0	0	1	1	0	1	1	1	1	1	0
HSC48_055	1	1	1	0	1	1	1	0	1	1	0	1	0	0	0	1	1	1	1	1	1	0	1	0	0	1	0	1	1	1	0
HSC_150_159	1	1	1	0	1	0	1	0	1	1	0	0	0	1	0	0	1	1	1	1	0	0	1	1	0	1	1	1	1	0	0
HSC_150_005	1	1	1	0	1	1	1	0	0	1	1	0	0	1	0	1	1	1	1	1	1	0	1	1	1	1	1	1	1	0	0
HSC_150_123	1	1	1	0	0	1	1	0	1	0	1	1	1	0	1	1	0	1	1	1	0	0	1	1	1	1	0	1	1	1	0
HSC_SP_056	1	1	1	1	1	1	1	0	1	1	0	1	0	1	0	1	1	1	1	1	0	0	1	1	0	1	1	1	1	0	0
HSC48_044	1	1	1	0	1	1	1	0	1	1	1	1	1	1	0	1	1	1	1	1	0	0	1	1	0	1	0	1	1	1	0
HSC_150neg_017	1	1	1	1	1	1	1	0	1	1	0	1	1	1	0	1	0	1	1	1	1	0	1	1	0	1	0	1	1	1	0
HSC48_034	1	0	1	0	1	1	1	0	1	1	0	1	0	1	1	1	1	1	1	1	1	0	1	1	1	1	1	1	1	0	0
HSC48_180	0	1	1	0	1	1	1	0	1	1	1	0	0	1	0	1	1	1	1	1	0	1	1	0	0	1	1	1	1	1	0
HSC34_303	1	1	1	1	1	1	1	0	1	0	1	1	0	0	0	1	1	1	1	1	0	1	1	1	1	1	0	1	1	0	0
HSC_150neg_077	1	1	1	0	1	1	1	0	1	0	0	1	1	1	0	0	1	1	1	1	0	0	1	1	1	1	1	0	0	1	0
HSC48_073	1	1	1	0	1	1	1	0	1	0	1	1	0	1	1	1	0	1	1	1	0	0	1	1	1	1	0	0	1	1	0
HSC_150neg_264	1	1	1	0	1	1	1	0	1	1	0	1	0	1	0	1	1	1	1	1	0	0	1	1	0	1	1	1	1	1	0
HSC_150_131	1	1	1	1	1	1	1	0	1	0	0	1	0	1	0	1	1	1	1	1	0	0	1	1	1	1	1	1	1	1	0
HSC_150neg_118	1	1	0	0	1	1	1	0	1	1	0	0	0	1	0	1	0	1	1	1	1	0	1	1	0	1	0	1	1	1	0
HSC_150neg_213	1	1	1	1	0	1	1	0	1	1	0	1	0	1	0	1	1	1	1	1	1	0	1	1	0	1	1	1	1	1	0
HSC34_385	1	1	1	0	0	1	1	0	1	1	0	1	0	1	0	1	1	1	1	1	1	1	1	1	1	1	1	1	1	1	0
HSC_150neg_202	1	1	1	0	0	1	1	0	1	0	1	0	1	1	0	1	1	1	1	1	0	0	1	1	1	1	1	1	1	1	0
HSC_150neg_067	1	1	1	1	1	1	1	0	1	1	0	0	0	1	0	1	0	1	1	1	1	1	1	1	0	1	1	1	1	1	0
HSC_150_050	1	1	1	0	1	1	1	0	1	1	1	0	1	0	0	1	1	1	1	1	1	1	1	1	1	0	0	1	1	0	0
HSC_SP_160	1	1	1	1	1	1	1	0	1	1	1	1	0	1	1	1	1	1	1	1	0	0	1	1	1	1	1	1	1	1	0
HSC34_322	1	1	1	1	1	1	1	0	1	0	1	1	0	1	1	1	1	1	1	1	0	1	1	1	0	1	1	1	1	1	0
HSC34_241	1	0	1	1	0	0	1	0	1	0	1	1	0	1	0	1	1	1	1	1	0	1	1	1	0	1	1	1	1	0	0
HSC34_259	1	1	1	1	0	1	1	0	1	1	1	1	0	1	0	1	0	1	1	1	0	1	1	1	0	1	1	1	1	0	0
HSC48_143	1	1	1	0	1	1	1	0	1	1	1	1	0	1	0	1	0	1	1	1	0	0	1	1	1	0	0	1	1	1	0
HSC_150neg_089	1	0	1	0	1	1	1	0	1	0	1	0	0	1	1	1	1	1	1	1	1	0	1	1	0	1	1	1	1	1	0
HSC34_411	1	1	1	1	1	1	1	0	1	1	0	1	0	1	0	1	1	1	1	1	0	1	1	1	1	1	1	1	1	0	0
HSC_150_190	1	1	1	0	1	1	1	0	1	0	0	1	0	1	0	1	1	1	1	1	0	0	1	1	0	1	0	1	1	0	0
HSC_150neg_245	1	1	0	0	1	1	1	0	1	1	0	1	0	1	1	1	1	1	1	1	1	1	1	1	0	0	1	1	1	1	0
HSC48_066	1	1	1	0	1	1	1	0	1	1	0	1	0	1	0	1	1	1	1	1	0	0	1	1	0	1	1	1	1	1	0
HSC34_229	0	1	1	1	0	1	1	0	1	1	1	1	0	0	1	1	1	1	1	1	1	1	1	1	1	1	0	0	1	0	0
HSC34_349	1	0	0	0	0	1	1	0	1	0	0	1	1	0	0	1	1	1	1	1	0	0	1	1	0	1	1	1	1	1	0
HSC48_029	1	1	1	0	0	1	1	0	1	0	0	1	0	1	0	1	1	1	1	1	1	1	1	1	0	1	1	1	1	1	0
HSC34_225	1	1	1	1	1	1	1	0	1	0	1	0	0	1	0	1	1	1	1	1	0	1	1	1	0	1	1	1	1	1	0
HSC_150neg_002	1	1	1	0	0	1	1	0	1	1	0	0	0	0	0	1	1	1	0	1	0	1	1	1	1	1	1	0	1	0	0
HSC34_365	1	0	1	1	1	1	1	0	1	1	0	1	0	1	0	1	0	1	1	1	0	1	1	1	0	1	1	1	1	1	0
HSC_150_056	1	1	1	0	1	1	1	0	1	1	1	1	0	1	0	1	1	1	1	1	1	1	1	0	1	1	0	1	1	1	0
HSC_150neg_262	1	1	1	0	0	1	1	0	1	0	0	1	0	0	0	1	1	1	1	1	0	0	1	1	0	1	0	0	0	0	0
HSC_150neg_100	1	1	0	0	1	1	1	0	1	0	0	0	0	1	0	1	1	1	0	1	0	0	1	1	0	1	1	0	1	0	0
HSC_150neg_286	0	1	0	0	1	1	1	0	1	0	0	0	1	1	0	0	0	1	1	1	1	0	1	1	0	0	0	1	1	0	0
HSC_150neg_088	1	1	0	1	0	1	1	0	1	0	0	1	0	0	0	1	1	1	1	1	0	0	1	1	0	1	0	1	1	0	0
HSC_150neg_053	1	1	1	0	1	1	1	0	1	0	0	0	1	1	0	1	0	1	0	1	0	0	1	1	0	1	0	1	1	1	0
HSC48_184	0	1	1	1	0	1	1	0	1	0	0	0	0	1	0	1	0	1	1	1	1	1	1	1	0	1	1	1	1	1	0
HSC_150neg_198	1	0	1	1	0	1	1	0	1	0	1	1	0	1	0	1	1	1	1	1	1	0	1	1	0	1	1	1	1	0	0
HSC_150neg_137	1	1	1	0	1	0	1	0	1	1	0	0	0	1	0	1	1	1	1	1	1	0	1	1	0	1	0	1	1	0	0
HSC_150neg_012	1	1	1	0	0	1	1	0	1	0	0	0	0	0	0	1	1	1	1	1	0	1	1	1	0	0	1	1	1	0	0
HSC48_102	1	1	1	0	0	1	1	0	1	1	0	1	0	1	0	1	1	1	1	1	1	0	1	1	0	1	0	1	1	1	0
HSC34_221	1	1	0	1	0	1	1	0	1	1	1	0	0	1	0	1	1	1	1	1	1	1	1	0	1	1	1	1	1	1	0
HSC_150neg_145	1	1	1	0	1	1	1	0	1	0	0	1	1	1	1	1	1	1	1	1	0	0	1	1	1	1	0	1	1	1	0
HSC_150neg_277	1	1	1	0	0	1	1	0	1	0	0	1	0	1	0	1	1	1	1	1	0	1	1	1	0	1	1	1	1	1	0
HSC_150neg_269	1	1	0	1	0	1	1	0	1	0	1	1	0	1	0	1	1	1	1	1	0	1	1	1	0	1	1	1	1	0	0
HSC34_323	1	1	1	0	0	1	1	0	1	0	0	1	0	0	0	1	1	1	1	1	0	1	1	1	0	1	0	1	1	1	0
HSC34_378	1	1	1	0	0	1	1	0	1	1	1	1	0	1	0	1	1	1	1	1	0	1	1	1	1	1	0	1	1	1	0
HSC48_053	1	1	1	1	1	1	1	0	1	1	1	0	0	0	0	0	0	1	1	1	1	0	1	1	0	0	0	1	1	0	0
HSC34_405	1	1	0	0	1	1	1	0	1	0	0	1	1	1	1	1	1	1	1	1	0	1	1	1	0	1	0	1	1	1	0
HSC_150neg_152	1	1	1	1	1	1	1	0	1	1	0	1	0	1	0	1	1	1	1	1	0	0	1	0	0	0	1	0	1	1	0
HSC_150neg_250	1	1	1	0	0	1	1	0	1	0	0	1	0	0	0	1	1	1	1	1	0	0	1	1	0	0	0	0	1	1	0
HSC48_168	1	1	1	0	1	1	1	0	1	1	1	0	1	1	0	1	1	1	1	1	1	0	1	1	0	1	0	1	1	1	0
HSC_150neg_189	1	1	1	1	1	0	1	0	1	0	0	1	0	1	0	1	1	1	1	1	0	0	1	1	0	1	0	0	1	1	0
HSC_150neg_033	1	1	0	0	0	1	1	0	1	0	0	0	0	0	1	1	1	1	0	1	1	0	1	1	1	1	0	0	1	0	0
HSC_150neg_221	1	1	1	0	1	1	1	0	1	0	0	1	0	1	0	1	1	1	1	1	0	1	1	1	1	1	1	1	1	1	0
HSC_150neg_143	1	0	1	0	1	1	1	0	1	0	0	1	0	1	1	1	0	1	1	1	0	0	1	1	0	1	0	1	1	1	0
HSC_150neg_156	1	0	1	0	1	1	1	0	1	1	0	1	0	1	0	1	0	1	1	1	1	0	1	1	0	1	0	1	1	0	0
HSC48_015	1	1	1	0	1	1	1	0	1	1	0	1	0	1	0	1	0	1	1	1	1	0	1	1	1	1	0	1	1	1	0
HSC_150neg_104	1	1	1	0	1	1	1	0	0	1	0	1	1	1	1	1	1	1	1	1	0	0	1	1	0	1	0	1	1	1	0
HSC34_307	1	1	1	0	1	1	1	0	1	0	0	1	0	0	0	1	0	1	1	1	0	1	1	1	1	1	0	1	1	1	0
HSC_150neg_243	1	1	0	1	0	1	1	0	1	1	0	1	0	1	1	1	1	1	1	1	0	1	1	1	0	1	1	1	1	0	0
HSC_150neg_266	1	1	1	0	0	1	1	0	1	1	0	0	0	1	1	1	0	1	1	1	0	1	1	0	0	0	1	1	1	1	0
HSC_150neg_284	1	1	1	0	1	1	1	0	1	1	0	1	0	1	1	1	1	1	1	1	0	1	1	1	1	1	0	1	1	1	0
MPP_160	1	1	1	0	1	1	1	0	1	0	1	0	0	1	0	1	0	1	1	1	0	1	1	1	0	0	0	1	1	0	0
HSC_150neg_294	1	0	1	0	0	1	1	0	1	0	0	1	0	1	0	1	0	1	1	1	0	0	1	1	1	1	0	1	0	1	0
HSC_150neg_097	1	1	1	0	1	1	0	0	1	1	0	0	0	1	0	1	1	1	1	1	1	0	1	0	0	1	0	0	1	0	0
HSC_150neg_059	1	0	1	1	1	1	1	0	1	0	1	1	0	1	1	1	1	1	1	1	0	1	1	1	1	1	0	1	0	0	0
HSC48_043	1	1	1	1	0	1	1	0	1	1	0	1	1	1	0	1	1	1	1	1	0	0	1	1	1	1	1	1	1	1	0
HSC34_296	1	1	1	0	1	1	1	0	1	0	0	1	0	1	0	1	0	1	1	1	1	1	1	1	0	1	0	1	1	1	0
HSC_150neg_280	1	1	1	0	1	1	1	0	1	0	0	0	0	1	0	1	1	1	1	1	0	0	1	1	0	0	1	1	1	1	0
HSC34_295	1	1	1	0	1	1	1	0	1	1	0	0	0	1	1	1	1	1	1	1	0	1	1	1	0	0	1	1	1	0	0
HSC_150neg_014	1	1	0	1	0	1	1	0	1	0	0	1	0	0	0	1	0	1	1	1	0	1	1	1	1	1	0	0	1	1	0
HSC34_233	1	1	1	0	0	1	1	0	1	0	0	0	0	1	0	1	1	1	1	1	0	1	1	1	0	1	1	1	1	1	0
HSC34_276	1	1	1	0	1	1	1	0	1	1	0	0	0	1	1	1	1	1	1	1	0	1	1	0	1	1	1	1	1	0	0
HSC_150neg_049	1	1	1	0	0	1	1	0	1	0	0	1	0	1	1	1	1	1	1	1	0	1	1	1	0	1	1	1	1	1	0
HSC_150neg_283	1	1	1	1	0	1	1	0	1	1	0	1	0	1	0	1	1	1	1	1	0	0	1	1	0	0	0	1	1	0	0
HSC_150neg_220	1	1	1	0	0	1	1	0	1	0	0	1	0	1	0	1	0	1	1	1	0	1	1	1	1	0	1	1	1	1	0
HSC34_286	1	1	1	0	0	1	1	0	1	0	1	1	0	1	0	1	1	1	1	1	0	1	1	1	1	1	0	1	1	1	0
HSC_150neg_043	1	0	1	1	1	1	1	0	1	1	0	0	0	1	0	1	1	1	1	1	0	1	1	0	1	1	1	1	1	1	0
HSC34_305	1	1	1	0	1	1	1	0	1	1	1	0	0	1	0	1	1	1	1	1	0	1	1	1	1	1	0	1	1	1	0
HSC_SP_203	1	1	1	0	1	1	1	0	1	0	1	0	0	1	1	1	1	1	1	1	1	0	1	1	1	1	0	1	1	1	0
HSC34_216	1	1	1	0	0	1	1	0	1	1	0	0	0	1	0	1	1	1	1	1	1	1	1	1	1	1	1	1	1	1	0
HSC_150neg_227	1	1	1	0	0	1	1	0	1	1	0	1	0	1	1	1	1	1	1	1	0	0	1	1	1	1	0	1	1	1	0
HSC48_033	1	1	1	0	1	1	1	0	1	1	0	0	0	1	0	1	0	1	1	1	0	0	1	1	1	1	0	1	1	0	0
HSC_150neg_242	1	1	1	1	1	1	1	0	1	0	0	0	0	0	0	1	1	1	1	1	1	1	1	1	1	0	0	1	1	1	0
HSC_150neg_179	1	1	1	1	0	0	1	0	1	0	0	1	1	1	1	1	1	1	1	1	1	0	1	1	0	1	0	1	1	1	0
HSC_150neg_177	1	1	1	0	0	1	1	0	1	1	0	1	0	1	0	1	0	1	1	1	0	0	1	1	1	0	0	0	1	0	0
HSC_150neg_015	1	1	1	0	1	1	1	0	1	0	0	0	0	1	0	1	1	1	1	1	0	1	1	1	1	1	0	1	1	1	0
HSC_150_079	1	1	1	1	0	0	1	0	1	0	0	1	0	1	0	1	1	1	1	1	0	0	1	1	0	0	0	0	1	1	0
HSC_SP_169	1	0	1	0	0	1	0	0	1	0	0	1	0	1	0	0	0	1	1	1	0	0	1	1	1	1	1	1	1	1	0
HSC_150neg_026	1	1	1	0	1	1	1	0	1	0	0	0	1	1	1	1	1	1	1	1	0	0	1	1	1	0	1	1	1	1	0
HSC34_282	1	0	1	1	1	1	1	0	1	0	0	0	0	1	0	1	1	1	1	1	1	0	1	1	0	1	0	1	1	0	0
HSC_150neg_072	1	1	1	1	1	1	1	0	1	1	0	0	1	1	0	1	1	1	1	1	0	0	1	1	1	1	1	1	1	0	0
HSC_150neg_029	1	1	0	0	1	1	1	0	1	1	0	0	0	1	0	1	1	1	1	1	1	0	1	0	1	1	0	1	1	1	0
HSC34_212	1	1	1	1	1	1	1	0	1	1	0	0	0	0	0	1	1	1	1	1	0	0	1	1	1	1	1	1	1	0	0
HSC_150neg_201	1	1	1	0	0	0	1	0	1	0	0	1	0	1	0	1	0	1	0	1	0	0	1	1	1	0	0	1	1	1	0
HSC_150neg_005	1	1	1	0	0	1	1	0	1	1	0	0	0	1	0	0	1	1	1	1	0	1	1	1	0	0	0	1	1	0	0
HSC_150neg_222	1	1	1	1	0	1	1	0	1	1	1	1	0	1	0	1	1	1	1	1	0	0	1	1	1	1	0	1	1	1	0
MPP_186	1	1	1	0	1	1	1	0	1	0	0	0	0	1	0	1	1	1	1	1	0	1	1	1	0	0	0	1	1	1	0
HSC34_358	1	1	0	1	1	1	1	0	1	0	0	0	0	1	1	1	1	1	1	1	0	1	1	1	1	1	1	1	1	0	0
HSC_150neg_081	1	0	1	0	0	1	1	0	1	0	0	1	0	1	1	1	1	1	1	1	1	0	1	0	0	1	0	1	1	0	0
HSC_150neg_241	1	1	1	0	1	1	1	0	0	1	0	0	0	1	0	1	0	1	1	1	1	1	1	1	0	1	0	1	1	1	0
HSC34_395	1	1	1	0	0	1	1	0	1	0	1	1	0	1	0	1	0	1	1	1	0	1	1	1	1	0	0	1	1	0	0
ST-HSC_135	1	1	1	0	0	1	1	0	1	0	0	0	0	1	1	1	1	1	1	1	1	1	1	1	0	0	0	0	1	1	0
HSC_150neg_063	1	1	1	0	1	1	1	0	1	0	1	1	0	1	0	1	1	1	1	1	0	0	1	1	1	0	0	0	1	0	1
HSC_150neg_235	1	1	1	0	0	1	1	0	1	0	0	0	0	1	0	1	1	1	1	1	1	0	1	1	0	1	1	1	1	0	0
ST-HSC_037	1	0	1	0	1	1	1	0	1	0	0	1	0	1	0	1	1	1	1	0	0	1	1	1	1	1	0	1	1	1	0
LMPP_045	1	1	1	0	1	1	1	0	1	1	0	0	0	1	0	1	1	1	1	1	0	1	1	1	0	0	1	1	1	1	0
HSC_150_046	1	1	1	0	0	1	1	0	1	0	0	0	0	1	1	1	1	1	1	1	1	1	1	1	1	1	1	1	1	0	0
HSC_150neg_038	1	1	1	1	0	1	1	0	1	1	0	1	0	1	0	1	0	1	1	1	0	1	1	1	1	1	0	1	1	1	0
ST-HSC_058	1	1	1	1	1	1	1	0	1	0	0	0	0	1	0	1	0	1	1	1	1	1	1	1	0	1	0	1	1	1	0
HSC48_154	1	1	1	0	1	1	1	0	1	1	1	1	0	1	0	1	1	1	1	1	0	1	1	1	1	1	0	1	1	0	0
ST-HSC_063	1	1	1	1	1	1	1	0	1	0	0	1	0	1	0	1	1	1	1	1	0	1	1	1	1	1	0	1	1	1	0
HSC_150neg_234	1	0	1	0	0	1	1	0	1	1	0	1	1	1	0	1	1	1	1	1	0	0	1	1	0	1	0	1	1	0	0
HSC34_326	1	1	1	0	0	1	0	0	1	1	0	0	0	1	0	1	1	1	1	1	0	1	1	1	0	1	1	1	1	0	0
HSC34_269	1	1	1	0	0	1	1	0	1	0	0	0	0	1	0	1	1	1	1	1	0	1	1	0	0	0	0	1	1	1	0
HSC_150neg_032	1	1	0	0	1	1	1	0	0	0	0	0	0	1	0	1	1	1	1	1	0	0	1	1	1	1	1	1	1	0	0
HSC48_207	1	1	1	0	0	1	1	0	1	1	0	0	0	1	0	1	1	1	1	1	0	1	1	1	0	1	0	1	1	0	0
HSC48_176	1	1	1	1	1	1	1	0	1	1	1	1	0	1	0	1	1	1	1	1	0	1	1	1	1	1	0	1	1	1	0
HSC34_412	1	1	1	0	0	1	1	0	1	0	0	1	1	1	0	1	1	1	1	1	0	1	1	1	0	0	0	1	1	1	1
HSC_150neg_036	1	1	1	0	0	1	1	0	0	1	0	0	0	1	0	1	1	1	1	1	1	0	1	1	0	1	0	1	0	0	0
HSC_150neg_261	0	1	1	1	1	0	1	0	1	0	0	0	0	1	0	1	1	1	1	1	0	0	1	1	1	1	0	1	1	0	0
HSC_150neg_256	1	1	0	0	0	1	1	0	1	0	0	1	0	1	0	1	0	1	1	1	0	1	1	1	0	1	0	1	1	1	0
HSC_150neg_050	1	0	1	0	0	1	1	0	1	1	0	0	0	1	0	1	0	1	1	1	0	0	1	0	0	0	0	1	1	0	0
ST-HSC_061	1	1	1	0	0	1	1	0	0	1	0	0	0	0	0	1	1	1	1	1	0	1	1	1	0	1	0	1	1	0	0
ST-HSC_094	1	1	1	0	1	1	1	0	0	1	0	0	0	0	0	1	1	1	1	1	0	1	1	1	1	1	0	1	1	1	0
HSC_150neg_085	1	1	0	0	1	1	1	0	1	0	0	0	0	1	0	1	0	1	1	1	1	0	1	1	1	0	0	1	1	0	0
HSC_150_116	1	1	1	0	1	1	1	0	0	1	0	1	0	1	0	0	1	1	1	1	1	0	1	1	1	0	0	1	1	1	0
HSC_150neg_197	1	1	1	1	0	0	1	0	1	0	0	1	0	1	0	1	1	1	1	1	1	1	1	1	0	0	0	0	0	1	0
HSC_150neg_096	1	1	1	1	0	1	1	0	0	0	1	1	0	1	1	1	1	1	1	1	0	1	1	1	1	1	1	0	1	1	0
HSC48_187	1	1	1	1	0	1	1	0	1	0	1	1	0	1	0	1	1	1	1	1	0	1	1	1	0	1	0	1	1	1	0
HSC_150neg_099	1	1	0	1	0	1	1	0	1	0	0	0	0	1	0	1	1	1	1	1	1	0	1	1	0	1	0	0	1	0	0
HSC34_271	1	1	1	0	1	1	1	0	1	1	0	0	0	1	0	1	1	1	1	1	0	1	1	1	1	1	1	1	1	1	0
MPP_150	1	0	1	1	1	1	1	0	1	0	1	0	0	1	1	1	1	1	1	1	1	1	1	0	1	1	1	1	1	0	0
MPP_012	1	1	1	1	1	1	1	1	1	1	1	1	1	1	0	1	1	1	1	1	0	1	1	1	1	1	1	1	0	1	1
HSC_150neg_226	1	1	1	1	0	1	1	0	1	1	0	1	0	1	0	1	1	1	1	1	0	0	1	1	0	1	0	0	1	1	0
MPP_014	1	1	1	0	0	1	1	0	1	0	1	1	0	1	1	1	0	1	1	1	0	1	1	1	0	0	0	1	1	0	0
HSC_150neg_265	1	1	1	1	0	1	1	0	0	0	0	1	0	1	0	1	1	1	1	1	1	1	1	1	0	1	0	1	1	1	0
HSC_150neg_218	1	1	1	0	1	1	1	0	0	1	0	1	0	1	0	1	0	1	1	1	1	1	1	1	1	0	0	0	1	1	0
HSC34_243	1	1	0	1	0	1	1	0	1	1	1	1	0	1	0	1	1	1	1	1	0	1	1	1	0	1	0	1	1	0	0
HSC_150neg_136	1	1	1	0	0	1	1	0	0	1	0	1	0	0	1	1	0	1	1	1	0	0	1	1	1	1	0	0	1	0	0
HSC_150neg_144	1	1	0	1	0	1	1	0	1	0	0	0	0	1	0	1	1	1	1	1	0	0	1	1	1	1	1	1	1	0	0
HSC_150neg_060	1	1	1	0	1	1	1	0	1	1	0	0	0	1	0	1	1	1	1	1	1	1	1	1	1	1	0	1	1	1	0
HSC_150neg_093	1	1	1	1	0	1	1	0	1	0	0	0	1	1	0	1	1	1	1	1	1	0	0	1	1	1	0	0	1	0	0
ST-HSC_118	0	1	1	0	1	1	1	0	0	1	0	0	0	1	0	1	0	1	1	1	0	1	1	0	1	0	0	1	1	1	0
MPP_189	1	1	1	1	1	1	1	1	0	1	1	1	1	1	1	1	1	1	1	1	0	1	1	1	0	1	1	1	1	1	0
ST-HSC_062	1	1	1	0	1	1	1	0	1	0	1	0	0	1	0	1	1	1	1	1	0	1	1	1	0	0	0	1	1	1	0
HSC34_372	1	1	1	1	0	1	1	0	0	0	1	0	0	1	0	1	1	1	1	1	0	0	1	1	0	0	1	1	1	1	0
ST-HSC_035	1	1	1	1	0	1	1	0	1	1	0	1	0	1	0	1	1	1	1	1	0	1	1	0	1	1	0	1	1	1	0
ST-HSC_145	1	1	0	1	0	1	1	0	1	0	0	0	0	0	0	0	1	1	1	1	1	1	1	1	0	1	0	1	1	0	0
ST-HSC_204	1	1	1	0	0	1	1	0	1	1	0	1	0	1	0	1	1	1	1	1	0	1	1	1	1	1	1	1	1	1	0
HSC34_404	1	0	1	0	1	1	1	0	0	1	1	1	0	1	0	1	1	1	1	1	0	1	1	1	0	0	0	1	1	1	0
HSC_150neg_188	1	1	0	0	0	1	1	0	0	0	0	0	0	1	0	1	0	1	1	1	0	1	1	1	1	1	0	0	1	0	0
ST-HSC_019	1	1	1	1	1	1	1	1	0	1	0	1	1	1	0	1	1	1	1	1	0	1	0	1	0	1	1	1	1	1	1
ST-HSC_172	1	1	1	0	1	1	1	0	0	1	0	0	0	1	0	1	1	1	1	1	0	0	1	0	1	0	0	1	1	1	0
LMPP_156	1	0	1	0	0	1	1	0	0	0	0	1	0	1	0	1	1	1	1	1	0	1	1	1	1	1	0	1	1	1	0
HSC_150neg_216	1	1	1	1	1	1	1	0	1	1	0	1	0	1	0	1	0	1	1	1	1	0	1	1	1	1	0	1	1	1	0
MPP_101	1	1	1	1	1	1	1	1	1	1	1	1	1	1	1	1	1	1	1	1	1	1	1	1	1	1	1	1	1	1	1
ST-HSC_050	1	1	1	0	1	1	1	0	0	0	0	0	0	1	1	1	1	1	1	1	0	1	1	1	0	1	0	1	1	1	0
HSC34_314	1	0	0	0	0	1	1	0	1	1	0	1	0	1	0	1	1	1	1	1	1	1	1	1	0	1	0	1	1	1	0
HSC_150neg_022	1	1	1	1	1	1	1	0	1	0	0	1	0	1	0	1	1	1	1	1	0	0	1	1	0	1	0	1	1	0	0
MPP_031	1	1	0	0	1	1	1	0	0	0	0	0	0	1	0	1	1	1	1	1	1	1	1	1	0	1	0	1	1	0	0
ST-HSC_092	1	1	1	0	0	1	1	0	0	0	0	0	0	1	0	1	1	1	1	1	0	1	1	1	0	1	0	1	1	0	0
LMPP_143	1	1	1	1	0	1	1	0	0	1	0	1	0	1	0	1	1	1	1	1	1	1	1	1	0	1	0	1	1	1	0
ST-HSC_067	1	1	1	1	0	1	1	0	1	0	0	1	0	1	0	1	1	1	1	1	0	1	1	1	1	1	0	1	1	1	0
ST-HSC_161	1	1	1	1	1	1	1	1	1	1	0	1	1	1	1	1	1	0	1	1	0	1	1	1	1	1	1	1	1	1	1
HSC_150neg_164	1	0	1	0	1	1	1	0	1	1	0	1	0	1	0	1	0	1	1	1	0	0	1	1	0	0	0	1	1	0	0
MPP_025	1	1	1	1	0	1	1	0	0	1	0	0	0	1	0	1	1	1	1	1	0	1	1	1	0	0	0	0	1	1	0
ST-HSC_052	1	1	1	0	0	1	1	0	0	0	0	0	0	1	0	1	1	1	1	1	0	1	1	1	1	1	0	1	1	1	0
ST-HSC_038	1	1	1	0	0	1	1	0	1	0	0	0	0	1	1	1	1	1	1	1	0	1	1	1	1	0	1	1	1	0	0
HSC34_367	1	1	1	0	0	1	1	0	1	0	0	1	0	1	0	1	1	1	1	1	0	1	1	1	1	1	0	1	1	1	0
HSC34_256	1	1	1	0	1	1	1	0	1	1	0	0	0	1	0	1	1	1	1	1	1	1	1	1	1	1	0	1	1	1	0
HSC34_341	1	1	1	0	0	0	1	0	1	1	0	1	0	1	0	1	1	1	1	1	0	0	1	1	1	1	0	1	1	1	0
HSC_150neg_054	1	1	0	1	1	1	1	0	0	0	0	0	0	1	0	1	1	1	1	1	0	0	1	0	0	1	1	1	1	0	0
ST-HSC_131	1	1	1	0	0	1	1	0	0	0	1	0	0	1	0	1	1	1	1	1	0	1	1	1	0	0	0	1	1	1	0
HSC34_380	1	1	1	0	0	1	1	0	1	0	0	1	0	1	0	1	1	1	1	1	0	0	1	1	1	0	0	1	1	0	0
HSC_150neg_244	1	1	1	1	0	1	1	0	1	1	0	0	0	0	1	1	1	1	1	1	0	1	1	0	1	0	0	0	1	1	0
MPP_099	1	1	1	1	1	1	1	0	1	0	0	1	0	1	0	1	1	1	1	1	0	1	1	1	1	0	0	1	1	1	0
CMP_086	1	1	1	0	0	1	1	0	1	0	0	1	0	1	0	1	1	1	1	1	0	1	1	1	0	0	0	1	1	0	0
HSC34_376	1	0	1	1	0	1	1	0	1	0	0	0	0	1	0	1	1	1	1	1	0	1	1	1	1	0	1	1	1	0	0
HSC48_172	1	1	0	1	1	1	1	0	1	0	0	1	0	1	0	1	1	1	1	1	0	1	1	1	1	0	0	1	1	0	0
LMPP_025	1	1	1	1	0	1	1	0	1	0	1	0	0	0	1	1	1	1	1	1	0	0	1	1	1	1	0	1	1	1	0
HSC_SP_008	1	1	1	1	1	1	1	0	1	0	0	1	0	1	0	1	1	1	1	1	1	0	1	0	1	0	0	1	1	1	1
ST-HSC_051	1	1	1	1	1	1	1	0	0	1	0	1	0	1	0	1	1	1	1	1	0	1	1	1	1	1	0	1	1	1	0
LMPP_137	1	1	0	0	1	1	1	0	0	0	0	0	0	1	0	1	1	1	1	1	0	1	1	1	0	1	1	1	1	1	0
HSC_150neg_142	1	1	1	0	0	1	1	0	1	1	0	0	0	1	1	1	1	1	1	1	0	0	1	1	1	1	0	0	1	0	0
HSC_150neg_267	1	1	1	1	1	0	1	0	0	0	0	0	0	1	1	1	1	1	1	1	0	1	1	1	0	1	0	1	1	0	0
MPP_056	1	0	1	0	0	1	1	0	0	0	0	1	0	1	0	1	1	1	1	1	1	1	1	1	1	1	0	1	1	1	0
HSC34_247	1	1	0	1	1	1	1	0	1	0	0	1	0	1	0	1	1	1	1	1	0	1	1	1	1	1	0	1	1	1	0
HSC34_332	1	1	1	1	0	1	1	0	1	0	0	1	0	1	0	1	0	1	1	1	0	1	1	1	1	1	0	1	1	1	0
LMPP_174	1	1	1	1	0	1	1	0	0	0	1	1	0	1	0	1	1	1	1	1	1	1	1	1	1	1	0	1	1	1	0
CMP_020	1	1	1	0	1	1	1	0	1	1	0	0	0	1	0	1	1	1	1	1	0	1	1	1	1	0	0	1	1	1	0
MPP_097	1	1	1	0	0	1	1	0	0	0	1	0	0	1	0	1	1	1	1	1	0	1	1	1	1	1	1	1	1	1	0
MPP_202	1	1	0	1	1	0	1	0	0	0	0	0	0	1	0	1	1	1	1	1	0	0	1	0	1	0	0	1	1	1	0
ST-HSC_197	1	1	1	0	0	1	1	0	0	0	0	0	0	0	0	1	1	1	1	1	0	1	1	1	0	1	0	1	1	0	0
HSC34_231	1	1	1	1	1	1	1	0	0	0	0	0	0	1	1	1	1	1	1	1	0	1	1	1	1	1	0	1	1	1	0
MPP_140	1	1	1	1	0	1	1	1	1	1	0	1	1	1	0	1	1	1	1	1	0	1	1	1	1	1	0	1	1	0	1
CMP_078	1	1	1	0	0	1	1	0	1	0	0	1	0	1	0	1	0	1	1	1	0	1	1	1	1	0	0	1	1	1	0
MPP_024	1	1	0	0	0	1	1	0	1	0	1	0	0	1	0	1	1	1	1	1	1	1	1	1	1	0	0	1	1	0	0
MPP_125	1	1	1	1	0	1	1	0	0	1	0	0	0	1	0	1	1	1	1	1	1	1	1	1	1	0	0	1	1	1	0
MPP_157	1	1	1	0	1	1	1	0	0	0	0	0	0	1	0	1	1	1	1	1	0	1	1	1	0	1	0	0	1	1	0
MPP_113	1	1	1	1	1	1	1	0	1	1	1	0	0	1	0	1	0	1	1	1	1	1	1	1	1	0	0	1	1	0	0
LMPP_202	0	1	0	0	1	1	1	0	1	0	1	0	0	1	0	1	0	1	0	1	0	1	1	1	1	0	0	1	1	0	0
HSC34_347	1	1	1	1	1	1	1	0	1	0	1	0	0	1	0	1	1	1	1	1	0	1	1	1	1	1	0	1	1	1	0
ST-HSC_153	1	1	1	0	1	1	1	0	0	1	0	1	0	1	0	1	1	1	1	1	0	1	1	1	0	0	0	1	1	0	0
LMPP_190	1	0	1	0	1	1	1	0	0	0	1	1	0	1	0	1	1	1	1	1	0	1	1	1	0	1	0	1	1	1	0
CMP_093	1	1	1	0	1	1	1	0	1	0	0	1	0	1	1	1	1	1	1	1	0	1	1	1	1	1	0	1	1	0	0
MPP_153	1	0	1	1	0	0	1	0	1	0	0	1	0	1	0	1	1	1	1	1	0	1	1	1	1	1	0	1	1	1	0
HSC34_280	1	0	1	1	1	1	1	0	1	1	0	1	0	1	0	1	1	1	1	1	1	1	1	0	0	1	0	1	1	1	0
HSC_150neg_270	1	0	1	0	0	1	1	0	0	0	0	0	0	1	0	1	1	1	1	1	0	1	1	1	1	1	0	0	1	1	0
ST-HSC_180	1	1	1	0	1	1	1	0	1	0	0	0	0	1	0	1	1	1	1	1	0	1	1	1	1	0	0	1	1	1	0
MPP_158	1	1	1	1	0	1	1	0	1	0	0	1	0	0	0	1	1	1	1	1	0	1	1	1	1	0	0	1	1	1	0
MPP_036	1	0	1	1	0	1	1	0	1	1	1	0	0	1	0	1	1	1	1	1	1	1	1	1	0	1	0	1	1	0	0
CMP_120	1	1	1	0	0	1	1	0	1	0	0	0	1	1	0	1	1	1	1	1	0	1	1	0	0	1	0	1	1	0	0
HSC34_410	1	1	1	1	0	1	1	0	1	1	1	1	0	1	1	1	1	1	1	1	0	1	1	0	1	1	0	1	1	1	0
HSC34_310	1	1	1	0	0	1	1	0	1	0	0	1	0	1	1	1	1	1	1	1	0	1	1	1	1	0	0	1	1	0	0
ST-HSC_139	1	1	0	1	0	0	1	0	0	0	1	0	0	0	0	1	1	1	1	1	0	0	1	1	1	0	0	1	1	1	0
ST-HSC_189	1	0	0	1	0	1	1	0	1	1	0	1	0	1	1	1	1	1	1	1	0	1	1	0	0	0	1	1	1	1	0
LMPP_188	1	1	1	1	0	1	1	1	1	0	0	1	0	1	0	1	1	1	1	1	0	1	1	1	1	0	0	1	1	1	0
LMPP_198	1	1	0	1	1	1	1	0	0	0	1	1	0	1	0	1	1	1	1	1	0	1	1	1	0	1	0	1	1	0	0
ST-HSC_005	1	1	1	0	0	1	1	0	0	0	0	0	0	1	0	1	1	1	1	1	1	1	1	1	1	0	0	1	1	1	0
HSC34_297	1	1	1	1	1	1	1	0	0	1	0	0	0	1	0	1	1	1	1	1	0	1	1	1	0	0	0	1	1	0	0
ST-HSC_158	1	1	1	1	1	1	1	0	0	1	0	0	0	1	0	1	1	1	1	1	1	1	1	1	1	1	0	1	1	1	0
LMPP_085	1	1	0	0	0	1	1	0	0	0	0	1	0	1	0	1	1	1	1	1	0	1	1	1	0	1	0	1	1	0	0
GMP_154	1	1	1	0	1	1	1	0	0	0	0	1	0	1	0	1	1	1	1	1	0	1	1	1	0	1	0	1	1	1	0
MPP_015	1	1	1	0	1	1	1	0	1	0	0	0	0	1	0	1	0	1	0	1	0	1	1	1	1	0	0	1	0	1	0
MPP_026	1	0	1	0	0	1	1	0	0	0	1	0	0	1	1	1	1	1	1	1	0	1	1	1	0	1	0	1	0	0	0
MPP_138	1	1	1	1	0	1	1	0	1	0	0	0	1	1	0	1	1	1	1	1	0	1	1	0	1	1	0	1	1	0	0
HSC34_304	1	1	1	1	1	1	1	0	0	1	0	1	0	1	0	1	1	1	1	1	0	1	1	1	1	1	0	1	1	0	0
MPP_110	1	1	1	1	0	1	1	0	1	0	0	0	0	1	0	1	1	1	1	1	0	1	1	1	1	0	0	1	1	0	0
HSC34_398	1	0	1	1	1	1	1	0	1	0	0	0	0	0	0	1	1	1	1	1	0	1	1	1	1	1	0	1	1	0	0
MPP_192	1	0	1	1	0	1	1	0	1	0	1	1	0	1	0	1	1	1	1	1	0	1	1	0	1	0	0	1	1	1	0
MPP_149	1	0	1	1	0	1	1	0	0	1	0	1	0	1	0	1	1	1	1	1	0	0	1	1	1	1	0	1	1	0	0
CMP_172	1	0	1	0	1	1	1	0	0	1	0	0	0	0	0	1	1	1	1	1	0	1	1	0	0	0	0	1	1	1	0
LMPP_191	1	1	1	1	0	1	1	0	1	0	0	1	0	1	0	1	1	1	1	1	0	1	1	1	1	0	0	1	1	1	0
LMPP_175	1	1	0	0	1	1	1	0	1	0	0	0	0	1	0	1	0	1	1	1	0	0	1	1	1	0	0	1	1	0	0
ST-HSC_179	1	1	1	0	1	1	1	0	1	1	0	0	0	1	0	1	1	1	1	1	0	1	1	1	1	0	0	1	1	1	0
ST-HSC_042	1	1	1	0	0	1	1	0	0	0	0	0	0	1	0	1	1	1	1	1	0	1	1	1	1	0	0	1	1	1	0
MPP_033	1	0	1	1	0	1	1	0	0	0	0	1	1	0	0	1	1	1	1	1	0	1	0	1	0	1	0	0	1	1	0
HSC34_288	1	1	1	1	0	1	1	0	1	0	1	0	0	1	0	1	1	1	1	1	0	1	1	0	0	0	0	1	1	1	0
ST-HSC_031	1	1	1	1	0	0	1	0	1	0	0	1	1	1	0	1	1	1	1	1	0	1	1	0	0	0	0	1	1	1	0
ST-HSC_104	1	1	1	1	0	1	1	0	0	0	0	1	0	1	0	1	1	1	1	1	0	0	1	0	1	0	0	0	1	1	0
GMP_097	0	0	1	0	1	1	1	0	0	0	1	0	0	1	0	1	1	1	1	1	0	1	1	1	1	1	0	1	1	0	0
MPP_200	1	1	1	0	0	1	1	0	0	0	0	1	0	1	1	1	1	1	1	1	0	0	1	0	1	0	0	1	1	0	0
MPP_204	1	1	1	1	0	1	1	0	0	0	0	0	0	1	0	1	1	1	1	1	1	1	1	1	1	0	1	1	1	0	0
LMPP_115	1	1	1	1	0	1	1	0	0	0	1	0	0	1	0	1	1	1	1	1	0	1	1	1	1	1	1	1	1	1	0
LMPP_052	1	1	1	1	1	1	1	0	0	0	1	0	0	0	0	1	1	1	1	1	0	1	1	0	1	1	0	1	1	1	0
HSC34_289	1	1	1	0	0	1	1	0	0	0	0	0	0	1	0	1	1	1	1	1	0	1	1	0	0	1	1	1	1	1	0
MPP_068	1	1	1	0	0	1	1	0	1	0	0	0	0	1	0	1	1	1	1	1	0	1	1	0	0	0	0	0	1	1	0
LMPP_078	1	0	1	1	0	0	1	0	0	0	0	0	0	1	0	1	1	1	1	1	0	1	1	0	1	0	0	1	1	0	0
MPP_136	1	1	1	1	0	1	1	0	0	0	0	1	0	1	0	1	1	1	1	1	0	1	1	1	1	1	0	0	1	1	0
LMPP_142	1	1	1	1	1	0	1	0	1	0	0	0	0	1	0	1	1	1	1	1	0	1	1	1	1	0	0	1	1	1	0
HSC48_030	1	0	1	1	1	1	1	0	1	0	0	1	0	1	0	1	1	1	1	1	0	0	1	0	1	1	0	1	1	1	0
CMP_025	1	0	1	0	0	1	1	0	0	0	0	0	0	1	0	1	1	1	1	1	0	1	1	0	0	0	1	1	1	1	0
ST-HSC_036	1	1	1	1	1	1	1	0	0	0	0	0	0	1	0	1	1	1	1	1	0	1	1	1	1	1	0	0	1	0	0
GMP_203	1	1	1	0	1	1	1	0	0	0	0	0	0	1	0	1	1	1	1	1	0	1	1	0	1	1	1	1	1	0	0
LMPP_126	1	1	1	1	1	1	1	0	0	0	0	0	0	1	0	1	1	1	1	1	0	1	1	1	1	1	0	1	1	1	0
ST-HSC_041	1	1	0	1	0	1	1	0	1	0	0	0	0	1	0	1	1	1	1	1	0	1	1	1	1	0	1	1	1	1	0
LMPP_201	1	1	1	0	0	1	1	0	0	0	0	0	0	1	0	1	1	1	1	1	1	1	1	1	1	0	0	1	1	0	0
LMPP_210	1	1	1	1	0	1	1	0	0	0	0	1	0	0	0	1	1	1	1	1	0	1	1	1	0	0	0	1	1	0	0
ST-HSC_198	1	1	1	0	1	1	1	0	0	0	1	0	0	1	0	1	1	1	1	1	0	1	1	0	0	1	0	1	1	0	0
MPP_061	1	1	1	0	1	1	1	0	0	0	0	0	0	1	1	1	1	1	1	1	0	1	1	1	1	0	0	1	1	0	0
MPP_190	1	1	1	1	1	1	1	1	1	1	1	1	1	1	1	1	1	1	1	1	1	1	1	1	1	1	1	1	1	1	1
MPP_004	1	1	1	1	0	1	1	0	1	0	0	0	0	1	0	1	1	1	1	1	0	0	1	1	1	0	0	1	1	0	0
MPP_054	1	1	1	1	1	1	1	0	0	0	0	0	0	1	0	1	1	1	1	1	1	1	1	1	1	1	0	1	1	1	0
ST-HSC_138	1	1	1	1	1	1	1	0	0	1	1	0	0	1	0	1	1	1	1	1	0	1	1	0	1	0	0	1	1	0	0
GMP_068	1	1	0	0	0	1	1	0	0	0	1	0	0	1	0	1	1	1	1	1	0	1	1	0	1	1	0	1	1	0	0
LMPP_194	1	1	1	0	0	1	1	0	0	0	0	0	1	1	0	1	1	1	1	1	1	1	1	1	1	1	0	0	1	0	0
ST-HSC_177	1	1	1	1	0	1	1	0	1	1	0	0	0	0	0	1	0	1	1	1	1	1	1	0	1	0	0	1	1	0	0
LMPP_036	1	1	1	1	0	1	1	0	0	1	0	0	0	1	0	1	1	1	1	1	0	1	1	1	1	0	0	1	1	1	0
ST-HSC_077	1	0	1	1	0	1	1	0	0	1	0	1	0	1	0	1	1	1	1	1	0	1	1	0	1	1	0	1	1	0	0
MPP_092	1	1	1	1	1	1	1	1	0	0	0	0	0	1	0	1	1	1	1	1	0	1	1	0	1	0	1	1	1	1	1
LMPP_091	1	1	1	1	0	1	1	0	1	1	0	1	0	1	0	1	0	1	1	1	0	1	1	0	1	0	0	1	1	0	0
ST-HSC_070	1	1	1	0	0	1	1	0	0	0	0	0	0	0	0	1	1	1	1	1	0	1	1	0	1	0	0	1	1	1	0
GMP_158	1	1	1	0	1	1	1	0	1	0	0	0	0	1	0	1	0	1	1	1	1	1	1	1	0	1	0	1	1	1	0
LMPP_153	1	1	0	1	0	1	1	0	0	0	0	0	0	1	0	1	1	1	1	1	0	1	1	1	0	1	1	1	1	0	0
ST-HSC_168	1	1	1	0	0	1	1	0	0	0	0	0	0	1	0	1	1	1	1	1	0	1	1	1	1	1	0	1	1	1	0
GMP_075	1	1	1	0	0	1	1	0	1	0	0	0	0	1	0	1	1	1	1	1	1	1	1	0	0	1	0	1	1	0	0
CMP_144	1	1	1	1	0	1	1	0	0	0	1	0	0	1	1	1	0	1	1	1	0	1	1	1	1	1	0	1	1	0	0
LMPP_146	1	1	1	1	0	1	1	0	1	0	0	0	0	1	1	1	0	1	1	1	0	1	1	1	0	0	0	1	1	1	0
MPP_141	1	1	1	1	0	1	1	0	0	0	0	1	0	1	0	1	1	1	1	1	0	1	1	1	1	1	0	1	1	1	0
MPP_100	1	1	0	0	0	1	1	0	0	0	0	1	0	1	0	1	1	1	1	1	0	1	1	1	1	0	0	1	1	0	0
CMP_108	1	1	1	0	1	1	1	0	0	1	1	0	0	1	0	1	0	1	1	1	0	1	1	0	1	1	0	1	1	1	0
GMP_013	1	1	1	1	1	1	1	0	1	0	0	0	0	1	0	1	1	1	1	1	0	1	1	0	0	1	0	1	1	1	0
LMPP_171	1	1	1	1	0	0	1	0	1	0	0	0	0	1	0	1	1	1	1	1	0	1	1	1	1	1	0	1	1	0	0
ST-HSC_004	1	0	1	1	1	1	1	0	1	1	0	1	0	1	0	1	1	1	1	1	0	1	1	1	1	1	0	1	1	1	0
LMPP_055	1	1	1	1	0	1	1	0	0	0	0	1	0	0	0	1	1	1	1	1	0	1	1	1	1	1	0	1	1	0	0
LMPP_083	1	1	1	1	1	1	1	0	0	0	0	1	0	1	0	1	1	1	1	1	1	0	1	1	1	1	0	1	1	1	0
GMP_099	1	1	1	0	0	1	1	0	0	0	0	0	0	1	0	1	1	1	1	1	1	1	1	0	0	1	0	1	1	1	0
LMPP_062	1	1	1	1	0	1	1	0	0	1	0	1	0	1	0	1	1	1	1	1	0	1	1	0	1	0	0	1	1	1	0
LMPP_076	1	1	1	1	1	1	1	0	1	0	0	1	0	1	1	1	1	1	1	1	0	1	1	1	1	0	0	1	1	0	0
MPP_009	1	0	1	1	1	1	1	0	1	0	0	1	0	1	0	1	1	1	1	1	0	1	1	1	1	0	0	1	1	1	0
LMPP_067	1	0	1	1	0	1	1	0	0	0	1	1	0	1	0	1	1	1	1	1	0	1	1	0	1	0	0	1	1	1	0
MPP_145	1	1	1	1	1	0	1	0	0	0	0	0	0	1	1	1	1	1	1	1	0	0	1	1	1	0	0	1	1	1	0
MPP_179	1	0	1	1	0	1	1	0	0	0	0	0	0	1	0	1	1	1	1	1	0	1	1	1	1	0	1	1	1	1	0
LMPP_207	1	1	1	1	1	0	1	0	0	0	1	0	0	0	0	1	0	1	1	1	0	1	1	1	0	1	0	1	1	0	0
LMPP_170	1	1	0	1	0	1	1	0	0	1	1	0	0	1	1	1	1	1	1	1	0	1	1	0	1	1	0	1	1	0	0
ST-HSC_083	1	1	1	1	0	1	1	0	0	0	0	0	0	1	0	1	1	1	1	1	0	0	1	0	0	0	0	1	1	0	0
ST-HSC_103	1	0	1	1	1	0	1	0	0	0	0	0	0	1	0	1	1	1	1	1	0	1	1	1	1	1	0	1	1	0	0
CMP_088	1	1	1	0	1	1	1	0	1	0	0	0	0	1	0	1	1	1	1	1	0	1	1	0	0	0	0	1	1	1	1
ST-HSC_178	1	0	1	1	0	1	1	0	1	0	1	0	0	0	1	1	1	1	1	1	1	1	1	0	1	1	0	0	1	0	0
GMP_083	1	1	1	1	1	1	1	0	0	0	0	0	0	0	0	1	1	1	1	1	0	1	1	0	0	1	0	1	1	1	0
LMPP_024	1	1	1	1	0	1	1	0	0	0	0	0	0	1	0	1	1	1	1	1	0	1	1	0	1	0	1	1	1	1	0
HSC34_248	1	0	1	1	1	1	1	0	0	0	0	1	0	1	0	1	1	1	1	1	0	1	1	1	1	1	0	1	1	0	0
LMPP_053	1	0	1	1	1	0	1	0	0	0	1	1	0	1	0	1	1	1	1	1	0	1	1	1	1	1	0	1	1	0	0
GMP_137	1	0	1	0	1	1	1	0	1	0	0	0	0	1	0	1	1	1	1	1	0	1	1	0	1	1	0	1	1	0	0
LMPP_147	1	1	0	1	1	1	1	0	0	1	0	0	0	1	0	1	1	1	1	1	0	1	1	1	1	1	0	1	1	1	0
GMP_072	1	1	1	0	1	1	1	0	0	0	0	0	0	1	0	1	1	1	1	1	1	1	1	0	0	0	0	1	1	1	0
GMP_187	1	0	1	1	0	1	1	0	1	0	0	1	0	1	0	1	1	1	1	1	1	1	1	0	1	1	0	1	1	1	0
LMPP_042	1	1	1	1	0	1	1	0	0	0	0	0	0	1	0	1	1	1	1	1	0	1	1	1	1	0	0	0	0	1	0
GMP_003	1	1	1	0	1	1	1	0	0	0	0	0	0	1	0	1	1	1	1	1	0	1	1	0	0	1	0	1	1	0	0
LMPP_112	0	1	0	0	0	1	1	0	1	0	1	0	0	1	0	1	0	1	1	1	0	0	1	1	1	1	0	1	1	0	0
LMPP_031	1	0	0	0	0	1	1	0	0	0	0	1	0	1	0	1	0	1	1	1	0	0	1	1	1	1	0	1	1	0	0
MPP_078	1	1	1	1	0	1	1	0	0	0	0	1	0	1	0	1	1	1	1	1	0	1	1	1	1	0	0	1	1	0	0
ST-HSC_102	1	0	1	1	1	1	1	0	0	0	0	0	0	1	0	1	1	1	1	1	0	1	1	1	1	0	0	1	1	1	0
MPP_156	1	1	1	1	0	1	1	0	0	0	0	0	0	1	0	1	1	1	1	1	0	1	1	0	1	1	0	1	1	1	0
MPP_199	1	1	1	0	0	1	1	0	0	0	0	0	0	1	1	1	0	1	1	1	0	1	1	1	1	1	0	1	1	0	0
MPP_104	1	1	1	1	1	1	1	0	1	0	0	0	0	1	0	1	1	0	1	1	0	1	1	1	1	0	0	1	1	1	0
ST-HSC_193	1	1	1	1	1	1	1	0	0	0	0	0	0	1	0	1	0	1	1	1	0	1	1	0	1	0	0	1	1	0	0
LMPP_177	1	1	1	1	0	1	1	0	0	0	1	1	0	1	0	1	1	1	1	1	0	1	1	1	1	1	1	1	1	1	0
LMPP_039	1	1	1	1	1	1	1	0	0	0	0	0	0	1	0	1	1	1	1	1	0	1	1	1	1	1	0	1	1	1	0
LMPP_199	1	1	1	1	1	1	1	0	0	0	0	0	0	1	0	1	0	1	1	1	0	0	1	1	1	1	0	1	1	0	0
CMP_091	1	1	1	0	1	1	1	0	0	0	0	0	0	1	0	1	1	1	1	1	0	1	1	0	0	0	0	1	1	1	0
LMPP_193	1	0	1	1	1	1	1	0	0	0	0	0	0	1	0	1	1	1	1	1	0	1	1	0	0	1	0	1	1	1	0
MPP_048	1	1	1	1	0	0	1	0	0	0	0	0	0	1	0	1	1	1	1	1	0	1	1	1	1	0	1	1	1	1	0
MPP_008	1	1	1	1	0	1	1	0	1	1	0	1	0	1	1	1	1	1	1	1	0	1	1	0	1	1	0	1	0	1	0
LMPP_173	1	0	1	0	0	1	1	0	0	0	0	1	0	1	0	1	1	1	1	1	0	0	1	0	1	0	0	1	1	1	0
MPP_173	1	1	1	1	1	1	1	1	0	1	1	0	1	1	0	1	1	1	1	1	0	1	1	1	1	1	1	1	1	1	1
LMPP_166	1	1	1	1	0	1	1	0	0	0	0	1	0	1	0	1	1	1	1	1	0	1	1	0	1	0	0	1	1	1	0
GMP_030	1	1	0	1	1	1	1	0	0	0	0	0	0	1	0	1	0	1	1	1	0	1	1	0	0	1	0	1	1	0	0
GMP_063	1	1	1	0	1	1	1	0	0	0	0	0	0	1	0	1	1	1	1	1	0	1	1	0	1	1	0	1	1	1	0
CMP_150	1	1	1	0	0	1	1	0	0	0	0	0	0	1	1	1	1	1	1	1	1	1	1	0	0	1	0	1	1	1	0
LMPP_003	1	1	1	1	0	1	1	0	0	0	1	1	0	1	0	1	1	1	1	1	0	1	1	1	1	1	0	1	1	1	0
LMPP_179	1	1	0	1	0	1	1	0	0	0	0	0	0	1	0	1	1	1	1	1	0	1	1	1	1	1	0	1	1	0	0
GMP_041	1	0	1	0	1	1	1	0	0	0	0	0	0	1	0	1	1	1	1	1	1	1	1	0	1	1	1	1	1	1	0
MPP_084	1	1	1	1	1	1	1	0	0	1	0	0	0	1	1	1	1	1	1	1	0	0	1	1	1	1	0	1	1	0	0
LMPP_161	1	1	0	1	1	1	1	0	0	0	0	0	0	1	0	1	1	1	1	1	0	1	1	1	1	0	0	1	1	0	0
MPP_197	1	1	1	1	1	1	1	0	0	0	1	0	0	1	0	1	1	1	1	1	1	1	1	1	1	0	0	1	1	0	0
LMPP_107	0	1	1	1	0	1	1	0	0	0	1	0	0	1	0	1	1	1	1	1	0	1	1	1	0	1	0	1	1	0	0
MPP_079	1	0	1	1	1	1	1	0	1	0	1	0	0	1	0	1	1	1	1	1	0	1	1	1	1	1	0	1	1	0	0
LMPP_120	1	1	1	1	1	1	1	0	0	0	0	0	0	1	1	1	1	1	1	1	0	1	1	1	1	0	0	1	1	0	0
MPP_165	1	0	1	1	1	1	1	0	0	0	0	1	0	0	0	1	1	1	1	1	0	1	1	1	1	0	0	1	1	0	0
ST-HSC_074	1	0	1	1	0	1	1	0	0	0	0	0	0	1	0	1	1	1	1	1	0	1	1	0	1	0	0	1	1	0	0
GMP_180	1	1	1	0	0	1	1	0	0	0	0	1	0	1	1	1	1	1	1	1	0	1	1	0	1	1	0	1	1	0	0
GMP_192	1	1	0	0	0	1	1	0	0	0	0	0	0	1	0	1	1	1	1	1	0	1	1	0	1	1	0	1	1	0	0
MPP_108	1	1	1	1	0	1	1	0	0	0	0	0	0	1	0	1	1	0	1	1	0	1	1	1	1	1	0	1	1	0	0
MPP_201	1	1	1	1	1	1	1	1	0	1	1	1	1	1	1	1	1	1	1	1	0	1	1	1	1	1	1	1	1	1	1
HSC34_277	1	0	1	1	1	1	1	0	1	0	1	1	0	1	0	1	1	1	1	1	0	1	1	1	1	0	0	1	1	0	0
MPP_122	1	1	1	1	0	1	1	0	0	0	0	1	0	1	0	1	1	1	0	1	0	1	1	1	1	0	0	1	1	0	0
MPP_081	1	0	1	0	1	1	1	0	0	0	0	0	0	1	0	1	1	1	1	1	0	1	1	0	1	1	0	1	1	0	0
GMP_169	1	1	0	0	0	1	1	0	0	0	0	0	0	1	0	1	0	1	1	1	0	1	1	0	1	1	1	1	1	0	0
LMPP_090	1	1	0	1	0	1	1	0	0	0	0	0	0	1	0	1	1	1	1	1	0	1	1	0	1	1	0	1	1	0	0
GMP_202	1	0	1	0	0	1	1	0	0	0	0	0	0	1	0	1	1	1	1	1	0	0	1	0	1	0	0	1	1	1	0
CMP_116	1	1	1	0	1	1	1	0	0	0	0	0	0	0	0	1	1	1	1	1	0	1	1	0	1	0	0	1	1	0	0
CMP_165	1	1	1	1	0	1	1	0	0	0	1	1	0	1	0	1	1	1	1	1	0	1	1	0	1	1	0	1	1	0	0
MPP_124	1	1	1	1	1	1	1	0	0	0	0	0	0	1	0	1	1	1	1	1	0	0	1	1	1	1	0	1	1	1	0
MPP_040	1	1	1	1	1	1	1	0	0	0	1	0	0	1	0	1	1	1	0	1	0	1	1	1	1	1	0	1	1	0	0
LMPP_186	1	0	0	0	0	1	1	0	0	0	0	1	0	1	1	1	1	1	1	1	0	1	1	0	1	0	1	1	1	1	0
LMPP_026	1	1	1	1	1	0	1	0	1	0	0	0	0	1	0	1	0	1	1	1	0	1	1	1	1	1	0	1	1	0	0
MPP_169	1	0	1	1	1	1	1	0	0	0	1	0	0	1	0	1	1	1	1	1	1	1	1	0	1	0	0	1	1	1	0
MPP_126	1	1	1	1	0	1	1	0	0	0	0	0	1	1	0	1	1	1	0	1	0	1	1	1	1	0	0	1	1	0	0
MPP_047	1	1	1	1	1	1	1	0	0	0	0	1	0	1	0	1	0	1	1	1	0	1	1	0	1	0	0	1	1	1	0
LMPP_185	1	1	1	1	0	1	1	0	0	0	1	1	0	1	0	1	1	1	1	1	0	1	1	0	1	0	0	1	1	0	0
LMPP_135	1	1	0	1	0	1	1	0	0	0	0	0	0	1	1	1	1	1	1	1	0	1	1	0	1	1	0	1	1	1	0
LMPP_148	1	0	1	0	0	1	1	0	0	0	0	0	0	1	0	1	1	1	1	1	0	1	1	1	1	1	0	1	1	0	0
MPP_116	1	1	1	1	1	1	1	0	0	1	0	1	0	1	1	1	1	1	1	1	1	1	1	1	1	1	0	1	1	1	0
LMPP_011	1	1	1	1	1	1	1	0	0	0	0	0	0	1	0	1	1	1	1	1	0	1	1	1	1	1	0	1	1	0	0
LMPP_139	1	1	0	1	1	1	1	0	0	0	0	0	0	1	1	1	0	1	1	1	0	1	1	0	1	1	0	1	1	0	0
MPP_142	1	1	1	1	1	1	1	0	0	0	0	0	0	1	0	1	0	1	1	1	0	0	1	1	0	0	0	1	1	0	0
ST-HSC_059	1	1	1	0	0	1	1	0	0	0	0	0	0	1	0	1	1	0	1	1	0	1	1	1	1	1	0	1	1	1	0
HSC34_392	1	0	1	1	0	1	1	0	0	0	1	1	0	1	0	1	1	1	1	1	0	1	1	1	1	1	1	1	1	0	0
CMP_201	1	1	1	1	0	1	1	0	0	1	0	1	0	1	0	1	1	1	1	1	0	1	1	0	1	1	0	1	1	0	0
CMP_104	1	1	1	1	0	1	1	0	0	0	0	0	0	1	0	1	1	1	1	1	0	1	1	0	1	0	0	1	1	1	0
MPP_174	1	0	1	1	1	1	1	0	0	0	0	1	0	1	0	1	1	1	1	1	0	1	1	1	1	1	0	1	1	0	0
LMPP_094	1	1	0	1	1	1	1	0	0	0	0	0	0	1	0	1	1	1	1	1	1	1	1	0	1	1	0	1	1	1	0
LMPP_002	1	1	1	0	0	0	1	0	0	0	0	0	1	1	0	1	1	1	1	1	1	1	1	0	1	1	0	1	1	0	0
GMP_210	1	1	0	1	0	1	1	0	0	0	0	0	1	0	0	1	1	1	1	0	0	1	1	0	1	1	1	1	1	1	0
LMPP_013	1	0	1	1	1	1	1	0	0	0	1	0	0	1	0	1	1	1	1	1	0	0	1	1	1	0	0	1	1	0	0
LMPP_151	1	0	1	1	0	1	1	0	0	0	0	1	0	1	0	1	1	1	1	1	0	1	1	0	1	1	0	1	1	0	0
ST-HSC_121	1	1	1	1	0	1	1	0	0	0	0	0	0	1	0	1	1	1	1	1	0	1	1	0	1	1	0	1	1	1	0
LMPP_064	1	0	1	1	1	1	1	0	0	0	0	0	0	1	0	1	1	1	1	1	0	1	1	1	1	1	0	1	1	1	0
LMPP_009	1	0	1	0	1	1	1	0	0	0	1	0	1	1	0	1	1	0	0	1	0	1	1	1	1	0	0	1	1	1	0
MPP_133	1	1	1	1	1	1	1	0	0	1	0	1	0	1	0	1	1	1	1	1	0	1	1	1	1	1	0	1	1	0	0
HSC34_253	1	0	1	0	0	1	1	0	0	0	1	0	0	1	1	1	1	1	1	1	0	1	1	1	1	0	0	1	1	0	0
LMPP_088	1	1	1	1	1	0	1	0	0	0	0	0	0	1	0	1	0	1	0	1	0	1	1	1	1	0	0	1	1	1	0
LMPP_016	1	1	1	1	0	0	1	0	1	0	0	0	1	1	0	1	1	1	1	1	0	1	1	0	1	0	0	1	1	0	0
MPP_059	1	0	1	0	0	0	1	0	0	0	0	0	0	1	0	1	0	0	1	1	0	0	1	0	1	1	0	1	1	1	0
LMPP_051	1	0	1	1	0	1	1	0	0	0	1	0	0	1	0	1	0	1	1	1	0	1	1	1	1	1	0	1	1	0	0
LMPP_099	1	1	1	0	0	1	1	0	0	0	0	0	0	1	0	1	0	1	1	1	0	1	1	1	1	0	0	1	1	0	0
CMP_083	1	1	1	1	0	1	1	0	0	0	0	1	0	1	0	1	0	1	1	1	1	1	1	0	1	0	0	1	1	1	0
GMP_116	1	1	1	1	1	1	1	0	0	0	0	0	0	1	0	1	0	1	1	1	1	1	1	0	0	0	0	1	1	0	1
LMPP_098	1	1	1	1	0	1	1	0	0	0	0	1	0	1	0	1	1	1	1	1	0	1	1	1	1	1	0	1	1	0	0
LMPP_144	1	1	0	1	0	1	1	0	0	1	0	0	0	1	0	1	0	1	1	1	1	0	1	1	1	1	0	1	1	1	0
LMPP_069	1	1	1	1	1	1	1	0	0	0	0	0	1	1	0	1	0	1	1	1	0	1	1	0	1	0	0	1	1	0	0
ST-HSC_199	1	0	1	1	0	1	1	0	0	0	1	0	0	1	1	1	1	1	1	1	0	1	1	0	1	1	0	1	1	1	0
MPP_039	1	0	1	1	1	1	1	0	0	1	0	0	0	1	0	1	1	1	1	1	1	1	1	1	1	1	0	1	1	0	0
ST-HSC_101	1	1	1	1	1	1	1	0	0	0	0	0	1	1	0	1	0	0	1	1	0	1	1	1	1	0	0	1	1	1	0
MPP_144	1	0	1	1	0	1	1	0	0	1	1	0	0	1	0	1	1	1	1	1	0	1	1	1	1	1	0	1	1	0	0
GMP_144	1	0	1	1	0	1	1	0	0	0	0	0	0	0	1	1	1	1	1	1	1	1	1	0	1	1	0	1	1	0	0
CMP_064	1	1	1	1	0	1	1	0	0	0	0	0	0	1	0	1	1	1	1	1	0	1	1	0	1	1	0	1	1	0	0
MPP_167	1	1	1	1	0	1	1	1	0	0	0	0	1	1	0	1	1	1	1	1	0	1	1	0	1	0	1	1	1	1	0
GMP_036	1	0	0	0	1	1	1	0	0	0	0	0	0	1	1	1	1	1	1	1	0	1	1	1	1	0	0	1	1	0	0
MPP_043	1	1	1	1	0	1	1	0	0	0	0	0	0	1	1	1	0	1	1	1	1	1	1	1	1	0	0	1	1	1	0
MPP_052	1	0	1	1	0	1	1	0	0	0	0	1	0	1	0	1	1	1	1	1	0	1	0	0	1	0	0	1	1	1	0
CMP_043	1	0	1	1	0	1	1	0	0	1	1	0	1	1	0	1	0	1	1	1	0	1	1	0	1	1	0	1	1	0	0
MPP_028	1	1	1	1	0	1	1	0	0	0	0	1	0	1	0	1	1	1	1	1	0	1	1	1	1	0	0	1	1	1	0
LMPP_095	1	1	1	1	0	1	1	0	0	0	1	0	1	1	0	1	0	0	1	1	0	0	1	0	1	0	0	1	1	0	0
ST-HSC_011	1	0	1	1	0	1	1	0	0	0	0	1	0	1	0	1	1	1	1	1	1	0	1	1	1	1	0	1	1	1	0
LMPP_130	1	0	1	1	0	1	1	0	0	0	0	1	1	1	0	1	1	1	1	1	0	1	1	1	1	1	0	1	1	0	0
HSC34_334	1	1	1	1	0	0	1	0	0	0	0	0	0	1	1	1	1	1	1	1	0	1	1	1	1	0	0	1	1	0	0
MPP_121	1	0	1	1	1	1	1	0	0	1	0	0	0	1	0	1	1	1	1	1	1	1	1	1	1	0	0	1	1	0	0
