2	1	0.0009019242087264	1
3	1	0.0730548769413118	0
4	1	0.2735372006067538	0
5	1	0.1154020476960219	0
6	1	0.5410570638881986	0
7	1	0.0185123941761301	0
8	1	0.0001867837674391	0
9	1	0.0010788099501912	0
10	1	0.942521155004838	0
11	1	0.0025948580797022	0
12	1	0.0016537007051527	0
13	1	0.0026658521536369	0
14	1	0.579151698053756	0
15	1	0.0336986661700398	1
16	1	0.051054194004923	0
17	1	0.1383247799876635	0
18	1	0.6370316234635958	0
19	1	0.5370524027408257	0
20	1	0.000102040449119	0
1	2	0.001624013818371	0
3	2	0.0013742112890845	0
4	2	0.0701502837861466	0
5	2	0.0999360849456657	0
6	2	0.0457296333534111	0
7	2	0.2444672763900672	0
8	2	0.5083890173876314	0
9	2	0.0030781682036997	0
10	2	6.206636727139117e-05	0
11	2	0.0405661133768913	0
12	2	0.2413026993707121	0
13	2	0.0222273917294289	0
14	2	0.165908313428293	0
15	2	0.0003141224108952	0
16	2	0.0101500028068378	0
17	2	0.1677870664482585	0
18	2	0.3898422793635514	1
19	2	0.0292497488362813	0
20	2	0.5264741586051989	0
1	3	0.0592711324074577	0
2	3	0.0010433463918447	1
4	3	0.0228109539515441	0
5	3	0.1428581710521565	0
6	3	0.0019109632515929	0
7	3	0.1440933597118476	0
8	3	0.0184451667924859	0
9	3	8.12365824471842e-05	0
10	3	1.9640581481494112e-07	0
11	3	0.4577471297752885	0
12	3	0.252827970263797	0
13	3	0.0010852295381069	0
14	3	0.0001681656637727	0
15	3	0.0025102944299333	1
16	3	0.0003159554136537	0
17	3	0.2426918823926854	0
18	3	0.0391548236988411	0
19	3	0.2179892467087971	0
20	3	0.0834814984209935	0
1	4	0.2783221733824401	0
2	4	0.1589357779859034	1
3	4	0.1658153068102646	0
5	4	0.11728970443211	0
6	4	0.043333939909268	0
7	4	0.1563051154060118	0
8	4	0.1167832966057282	0
9	4	0.2199086059491317	0
10	4	0.1558954489706907	0
11	4	0.1919453480304508	0
12	4	0.0690883065689915	0
13	4	0.0268147970385794	0
14	4	0.0121061705448872	0
15	4	0.0183266914779727	1
16	4	0.7615691310448127	0
17	4	0.2682780350094861	0
18	4	0.6708135026570494	0
19	4	0.2355521431867948	0
20	4	0.9022554772885358	0
1	5	0.0698813983192549	0
2	5	0.1903724430628662	1
3	5	0.5262122590669729	0
4	5	0.1047752474121282	0
6	5	0.2675481467539432	0
7	5	0.39522031632872	0
8	5	0.2251364845791108	0
9	5	0.0040003262182027	0
10	5	0.1509446080452977	0
11	5	0.1419599032114451	0
12	5	0.0300248183531211	0
13	5	0.2989234346644959	0
14	5	0.5912863040698914	0
15	5	0.3653134079291579	1
16	5	0.0213380596396232	0
17	5	0.499806451341353	0
18	5	0.2731663736728147	0
19	5	0.1274612615199829	0
20	5	0.264005800544969	0
1	6	0.3574466692761063	0
2	6	0.0868438832886304	1
3	6	0.0830170569769035	0
4	6	0.003846450920897	0
5	6	0.2640174053155779	0
7	6	0.1176408564955031	0
8	6	0.4943965773529862	0
9	6	0.0423969028519454	0
10	6	0.0003181740166934	0
11	6	0.2528612555033929	0
12	6	0.1746264876541548	0
13	6	0.012878195419027	0
14	6	0.013615891620456	0
15	6	0.188400529624476	1
16	6	0.0235789638677266	0
17	6	0.2075030672305084	0
18	6	0.1765995992849442	0
19	6	0.0086141937915305	0
20	6	0.2366895713559823	0
1	7	0.0069264841959459	0
2	7	0.4369601202196942	1
3	7	0.4759269993394094	0
4	7	0.0196138003664727	0
5	7	0.2560645373593889	0
6	7	0.2965189343807939	0
8	7	0.0594334895008472	0
9	7	0.1404336246442925	0
10	7	0.0861050778888328	0
11	7	0.8819572960754684	0
12	7	0.7607837756391874	0
13	7	0.0082565141121613	0
14	7	0.0196761963212386	0
15	7	0.050448083966757	1
16	7	0.0007368381145849	0
17	7	0.0010646009844869	0
18	7	0.0254200216430411	0
19	7	0.0121701172490757	0
20	7	0.00570405587327	0
1	8	0.0008623945210511	0
2	8	0.3982327249397328	1
3	8	0.1768411058358047	0
4	8	0.4769921932780898	0
5	8	0.1633821250814579	0
6	8	0.5283086431435019	0
7	8	0.0311166661920196	0
9	8	0.0193348477367673	0
10	8	0.463159043466726	0
11	8	0.6812468972898815	0
12	8	0.4882849953862224	0
13	8	0.0252980366549483	0
14	8	0.4443277262080018	0
15	8	0.6028943852115516	1
16	8	0.0079299387875343	0
17	8	0.6493415181911484	0
18	8	0.2692098636480383	0
19	8	0.0480233321581669	0
20	8	4.930661945441415e-05	0
1	9	0.0024547064402555	0
2	9	0.0037392058944541	1
3	9	0.0013031821314626	0
4	9	0.1310211663207847	0
5	9	0.0019936109702246	0
6	9	0.0123455694686812	0
7	9	0.0827510155976164	0
8	9	0.02077117965243	0
10	9	0.0056523829843519	0
11	9	0.023475634257819	0
12	9	0.1085789163007177	0
13	9	0.0026257719020849	0
14	9	0.02515341171518	0
15	9	0.0142912293058492	1
16	9	0.0008281869373464	0
17	9	0.0739813518546299	0
18	9	0.2025924836706692	0
19	9	0.0342182527935595	0
20	9	0.2458779129001998	0
1	10	0.490042096146973	0
2	10	0.0002957600221725	1
3	10	3.060397242690198e-05	0
4	10	0.1063019196328578	0
5	10	0.088082134570535	0
6	10	0.0021199213994529	0
7	10	0.3860570618756436	0
8	10	0.4508820696208002	0
9	10	0.0002668411208101	0
11	10	0.5342562219753364	0
12	10	0.1561493697369619	0
13	10	0.0021863170946637	0
14	10	0.3179201644355586	0
15	10	0.0011351897379041	1
16	10	0.0025971367285066	0
17	10	0.0924332437216078	0
18	10	0.3499129177799546	0
19	10	0.0073732907735337	0
20	10	0.0607525872237008	0
1	11	0.003158776116429	0
2	11	0.1451310869023476	1
3	11	0.6219136717435023	0
4	11	0.4301619082328493	0
5	11	0.0932165092493004	0
6	11	0.1835044437325595	0
7	11	0.3980091530416738	0
8	11	0.617433203281763	0
9	11	0.0426692369873464	0
10	11	0.4352104361075379	0
12	11	0.0014314906347586	0
13	11	0.0430564323783903	0
14	11	0.1240592463889102	0
15	11	0.2858130161992514	1
16	11	0.174280483756909	0
17	11	0.1188068988585884	0
18	11	0.2104729336487039	0
19	11	0.2607841728471686	0
20	11	0.1151095399933616	0
1	12	0.0068554974911381	0
2	12	0.145067366948072	1
3	12	0.105763428497388	0
4	12	0.0903436182613728	0
5	12	0.0005886567098878	0
6	12	0.0340046342717184	0
7	12	0.5943030266198212	0
8	12	0.3587152616035508	0
9	12	0.0364362210524914	0
10	12	0.0284552862601149	0
11	12	1.291513374556471e-05	0
13	12	0.0073336996857952	0
14	12	0.4251180215389724	0
15	12	0.1178966158488814	1
16	12	0.0149532917199382	0
17	12	0.147677332743324	0
18	12	0.3356658653084011	0
19	12	0.0262291192344721	0
20	12	0.1202062506745939	0
1	13	0.0400475833887779	0
2	13	0.0154680357456494	1
3	13	0.0583109581640027	0
4	13	0.0095266236259311	0
5	13	0.5414772541123996	0
6	13	0.0015565108950529	0
7	13	0.0013277013247266	0
8	13	0.0516890246226882	0
9	13	0.0044458683739566	0
10	13	0.0004497308183004	0
11	13	0.0172022872975804	0
12	13	0.0205780871935623	0
14	13	0.707129226804895	0
15	13	0.003532113924792	1
16	13	0.0002022173268117	0
17	13	0.0216106120786112	0
18	13	0.2975558024386879	0
19	13	1.8708946909668437e-05	0
20	13	0.1508784931177919	0
1	14	0.389310700179558	0
2	14	0.2283366133568388	1
3	14	0.0108016739037235	0
4	14	0.076015473917049	0
5	14	0.328449260791415	0
6	14	0.0145179429214533	0
7	14	0.0256620779751905	0
8	14	0.627506436304174	0
9	14	0.0489910189508543	0
10	14	0.2532607204744794	0
11	14	0.1932908329597127	0
12	14	0.5338448035319157	0
13	14	0.5588041440563948	0
15	14	0.0145472858548951	1
16	14	0.0019483339017822	0
17	14	0.2913033695275722	0
18	14	0.3388513888452509	0
19	14	0.2589559975541661	0
20	14	0.2661071083823302	0
1	15	0.0271998939094689	0
2	15	4.137238311425428e-05	0
3	15	0.0484269840534958	0
4	15	0.0124840878122672	0
5	15	0.5408629009342781	0
6	15	0.1342969699048239	0
7	15	0.02913804977645	0
8	15	0.7893643897316351	0
9	15	0.0277075304216927	0
10	15	0.0112459477922576	0
11	15	0.4183082776902271	0
12	15	0.0839239382696238	0
13	15	0.0056440805212264	0
14	15	0.0745239526164495	0
16	15	0.3736017109881251	0
17	15	0.0111903858295862	0
18	15	0.2762220421204633	1
19	15	0.04268522588807	0
20	15	0.5325549180256803	0
1	16	0.0971876304109484	0
2	16	0.0730353994675	1
3	16	0.0118252435254662	0
4	16	0.5269875386453879	0
5	16	0.0018281209286349	0
6	16	0.0307505249967897	0
7	16	0.0144684661537324	0
8	16	0.0055201263121804	0
9	16	0.0002557867573365	0
10	16	0.0278246220193254	0
11	16	0.140638460215237	0
12	16	0.0122756904409124	0
13	16	0.0004411605498869	0
14	16	0.0039090226045525	0
15	16	0.2755678063714663	1
17	16	0.693650434889794	0
18	16	0.3014795812944936	0
19	16	0.002228836975028	0
20	16	0.2364114944040222	0
1	17	0.2787716710167042	0
2	17	0.0699554984958363	1
3	17	0.1656932466515635	0
4	17	0.1217755683274579	0
5	17	0.5383287170734622	0
6	17	0.3654367450796993	0
7	17	0.0056059030526471	0
8	17	0.6711661042924644	0
9	17	0.0158438031430322	0
10	17	0.1565680041625986	0
11	17	0.2189940732443889	0
12	17	0.0279114502563281	0
13	17	0.0050441305257106	0
14	17	0.6611431068479203	0
15	17	1.4151060014353375e-06	1
16	17	0.910765430770548	0
18	17	0.7093937284614213	0
19	17	0.0120099215869035	0
20	17	0.8852592853400613	0
1	18	0.6296932673990314	0
2	18	0.3341229084560725	0
3	18	0.6296932673990222	0
4	18	0.5920880311647516	0
5	18	0.2498961953539554	0
6	18	0.3172915602056159	0
7	18	0.0024231323858448	0
8	18	0.4014117991623678	0
9	18	0.4182619214037996	0
10	18	0.4014117991623699	0
11	18	0.4351458132360308	0
12	18	0.4690781997586565	0
13	18	0.1663468909411982	0
14	18	0.2330635155233952	0
15	18	0.2498961953539536	0
16	18	0.3172915602056159	0
17	18	0.7596577369551158	0
19	18	0.4014117991623699	0
20	18	0.3341229084560658	0
1	19	0.5311488143207495	0
2	19	0.0154426480980023	1
3	19	0.2878838381004397	0
4	19	0.2164821064541181	0
5	19	0.05926995253953	0
6	19	0.0031233940330014	0
7	19	0.0213701117964008	0
8	19	0.0880679387591979	0
9	19	0.0268464187536312	0
10	19	0.0073732907735338	0
11	19	0.2716007747820318	0
12	19	0.0585590428465067	0
13	19	7.170391050493753e-05	0
14	19	0.0762428733254332	0
15	19	0.0139554298098339	1
16	19	0.0003474562518505	0
17	19	0.0352282761908506	0
18	19	0.331219387855157	0
20	19	0.3017003396548241	0
1	20	0.0006240817656438	0
2	20	0.3201978719333797	1
3	20	0.5046390466230167	0
4	20	0.4037495506997293	0
5	20	0.2453875110199055	0
6	20	0.2947302097152093	0
7	20	0.0029695498454	0
8	20	0.0013375361469175	0
9	20	0.5401637843916751	0
10	20	0.1693759388767667	0
11	20	0.2754751753053693	0
12	20	0.2273336334220993	0
13	20	0.1816669860465284	0
14	20	0.2938196535783989	0
15	20	0.392823724076963	1
16	20	0.1466076271739079	0
17	20	0.5611683310158871	0
18	20	0.3172915602056159	0
19	20	0.2039167731670002	0
