"G1"	"G2"	"G3"	"G4"	"G5"	"G6"	"G7"	"G8"	"G9"	"G10"	"G11"	"G12"	"G13"	"G14"	"G15"	"G16"	"G17"	"G18"	"G19"	"G20"	"G21"	"G22"	"G23"	"G24"	"G25"	"G26"	"G27"	"G28"	"G29"	"G30"	"G31"	"G32"	"G33"	"G34"	"G35"	"G36"	"G37"	"G38"	"G39"	"G40"	"G41"	"G42"	"G43"	"G44"	"G45"	"G46"	"G47"	"G48"	"G49"	"G50"
"1"	0	0	0	0.614045239763602	0.64206762788823	0.690550516445531	0	0	0.764467246757848	0	0	0.237590559137619	0	0	0.445540780235479	0.614184463084805	0.174649947109325	0	0	0	0	0	0	0	0.308638439885238	0	0.851642587215235	0	0	0.302279042135661	0	0.182932491031284	0	0	0.407653326835556	0	0.211043050252204	0	0	0	0.310872548195161	0	0.457525796216738	0.877343572509826	0	0	0.815426207049424	0.733268837487239	0.933041382487976	0.917228533184493
"2"	0	0	0	0.503987763411942	0.607246765213573	0.660054507422926	0	0	0.695650738368081	0	0	0.263667924947226	0	0	0.336682554677726	0.47864065952656	0.109706263395332	0	0	0	0	0	0	0	0	0	0.760903234943138	0	0	0.244665252306609	0	0.18584580313185	0	0	0.328450854099804	0	0.166850360872592	0	0	0	0.26666238495905	0	0	0.749856744155817	0	0	0.689399769386713	0.681148284567802	0.838679510017113	0.761595197550942
"3"	0	0	0	0.425286934300274	0	0.63061374573884	0	0	0.646473400622721	0	0	0.272970853042611	0	0	0.253202856068537	0	0.099299107863253	0	0	0.809189608926248	0	0	0	0	0	0	0.683858681773495	0	0	0.198593500504937	0	0.186303315713127	0	0	0	0	0.132489145423629	0.815559053005028	0	0	0.228694179945486	0	0	0.624132338919975	0	0	0.584730904007562	0.640814067535841	0.76258761475145	0.640191893835431
"4"	0	0.48268380699613	0	0	0	0.604055330600822	0	0	0	0.954802694913233	0	0.271512218112644	0	0	0	0	0.0983139522453584	0	0	0.912470493507179	0	0	0	0.537341135877586	0	0	0.622662345436805	0	0	0.161760108387973	0.72804673462419	0.184842047771843	0	0	0	0	0.105772087145777	0.895513740811707	0	0	0.19648190238565	0	0	0.519895506667042	0	0	0.498011578165308	0.609600537796428	0.703976657151597	0.547144132008591
"5"	0	0.500411391088919	0.798591373308237	0	0	0.581022181486209	0	0.580400672540736	0	0.964831915962348	0	0.263839391145744	0.747686250881124	0	0	0	0.0914890095326368	0	0.378644160365962	0.959844950530522	0	0.772922369702893	0	0.578575053948703	0	0	0	0.402851975873379	0	0.132317319305357	0.76123918038914	0.181944444652013	0	0.565260443832865	0	0	0	0.940807442864239	0	0.323421643204025	0.16918191257534	0	0	0	0	0.892761143686987	0.426281684297947	0	0	0
"6"	0.0298201347298806	0.513326117868059	0.845536795064944	0	0	0	0	0.586787630621335	0	0.972097997376018	0	0.253190413644751	0.805845957168658	0	0	0	0.0785813507985916	0.879340186504315	0.403996019707144	0.981573156443979	0.522750598252285	0.802753838841867	0	0.606751083397815	0	0.932322604461614	0	0.431425560183258	0.577450558653461	0	0.781781330016108	0.178179919188426	0.974361779551389	0.576299022013578	0	0	0	0.966466171643271	0.357009752980596	0.364533048451736	0.146051254760474	0.995202117009292	0	0	0	0.919021095533798	0	0	0	0
"7"	0.0322247310878291	0.522712398974313	0.881539919889462	0	0	0	0	0.59162763861328	0	0.977355099833983	0.990559476960299	0.241702958474664	0.850599531453766	0	0	0	0.0636039358476226	0.888869874967937	0.42415144013461	0.991538900828451	0.523083206357398	0.824900487064922	0.523366114862429	0.626199290565372	0	0.945871313910426	0	0.452805238628076	0.588482537885119	0	0.793139513211125	0.174035243174324	0.978895102773553	0.584951529962613	0	0.470747613613118	0	0.981001960845186	0.384942536714093	0.39674893152391	0	0.996155105232858	0	0	0	0.938588012487964	0	0	0	0
"8"	0.0341739715563397	0.529517852140877	0.909151238000249	0	0	0	0	0.595295374808809	0	0.981154811281381	0.992007684881025	0.230663086393918	0.88503716082171	0	0	0	0	0.896719237634307	0.440175550026629	0.996110162582144	0.523352404150759	0.841289834405214	0.548903403919219	0.639912030504498	0	0.956707632814832	0	0.46880197321611	0.597462548183224	0	0.79819823935562	0.169852318391396	0.982626848543108	0.591734923717701	0	0.477448336813104	0	0.989236725513877	0.408328130912006	0.42201054439649	0	0.996918804439578	0	0	0	0.953168591463848	0	0	0	0
"9"	0.0357575524509008	0.534441505134756	0.930326757698554	0	0	0	0.838009746082094	0.598074768731811	0	0.98389914420682	0.993233732845906	0	0.911536727290495	0	0	0	0	0.903187341885596	0.452915147142493	0.998207364099759	0.523569822424921	0.853393048183028	0.570049953571037	0.649863063479158	0.299395657670151	0.965374569532431	0	0.480770972586148	0.604770852190912	0	0.799133520837165	0.165845792156358	0.985698750943649	0.597053743797276	0	0.483208696811686	0	0.993901966870363	0.427904954224533	0.441827230744334	0	0.997530812504233	0	0	0.436374915574689	0.96403439808822	0	0	0	0
"10"	0.0370463905712544	0.537997662787215	0.946566570256529	0	0	0	0.861412961486398	0.600180980893025	0	0.985880239977493	0.994271700937833	0	0.931927997999948	0	0	0	0	0.908519347845202	0.463043456638041	0.999169804163691	0.523745081948835	0.862319620195896	0.587127759573443	0.657316166043667	0.304578840499464	0.972306424595899	0	0.489726315233902	0.610717205000763	0	0.797506096302476	0	0.988227482786916	0.601224763403166	0	0.488160683941847	0	0.996545024232962	0.444291935196281	0.457376487424132	0	0.998021259355438	0	0	0.438278746221045	0.972132693251143	0	0	0	0
"11"	0.0380969343710472	0.540563123794368	0.959021117482577	0	0	0	0.880010128575657	0.601777058955674	0	0.987309907360233	0.995150441240593	0	0.947618968704543	0.619896892452925	0	0	0	0.912916284231394	0.471095711723412	0.999611695403184	0.52388613270553	0.868899221279047	0.600671207550016	0.663068603996744	0.308905769287246	0.977850553529409	0	0.496426787281219	0.615554384610183	0	0.794398952141472	0	0.990309086920572	0.604496117359401	0	0.49241775181856	0	0.998042455757788	0.458007847110946	0.469578944809286	0	0.998414290310009	0	0	0.43988997861268	0.978169098699872	0	0	0	0
"12"	0.0389543462987645	0.542412645857084	0.968572689902947	0	0	0	0.894492376658748	0.602986559702521	0	0.988341444486299	0.995894379831481	0	0.959693084396525	0.634229061881102	0	0	0	0.916543139872374	0.477497439489133	0.999814738814997	0.523999511977104	0.87374848732527	0.611269469292298	0.667622717069479	0.312508374574556	0.982284772847317	0	0.501440138011394	0.619488649004127	0	0.79054273325586	0	0.992022623996789	0.607062214966438	0	0.496077425920757	0	0.998890842989876	0.46948740701038	0.479155475159655	0	0.998729254777355	0	0	0.441244653785732	0.982669223916286	0	0	0	0
"13"	0.0396549060517907	0.543745712482757	0.975897928919441	0	0	0	0.90560663579314	0.603903113905488	0	0.989085660865927	0.99652419574555	0	0.968984050040906	0.647899815135154	0	0	0	0.919535463653342	0.482586947972166	0.999908148236217	0.524090564878826	0.877323708940196	0.619482022076869	0.671298860648098	0.315504278149937	0.985831281450404	0	0.50519116997795	0.62268818865889	0	0.786415860765344	0	0.993433175246232	0.609075393006537	0	0.499223542241961	0	0.99937151405786	0.479094797442083	0.486671116877009	0	0.998981658855295	0.422417968482599	0	0.442378699277314	0.986024591648929	0	0	0	0
"14"	0.040227854521127	0.544706647787023	0.98151576063029	0	0	0	0.914041975343948	0.604597674540644	0	0.989622581892212	0.99705739578447	0	0.976133397024751	0.660490077422191	0	0	0	0.922004723192244	0.486633203524535	0.999951204240301	0.524163639565768	0.879961481504656	0.625800256057923	0.674306577214581	0.317994487049378	0.988667795021344	0	0.507997726641592	0.625290054034081	0	0.782320034437125	0	0.994594314304686	0.610655032750513	0	0.501928170065086	0	0.999643852924721	0.487135040235068	0.492569074978387	0	0.999183928714805	0.437040333604577	0	0.443325306022893	0.988526853697406	0	0	0	0
"15"	0.0406968249756461	0.545399600224338	0.985824157112559	0	0	0	0.9203878330991	0.605124009473062	0	0.990009965961616	0.997508801149327	0	0.981634780386219	0.671738580099419	0	0	0	0.924042656657477	0.489850043663123	0.999971111707117	0.524222258721118	0.88190958189462	0.630635780253629	0.676788157083087	0.320064207137018	0.990936451396172	0	0.510097621633281	0.627405849137027	0	0.778435455040356	0	0.99555014198085	0.611894697658773	0	0.504253264099011	0	0.999798158484648	0.493863559059582	0.49719715620415	0	0.999346022358259	0.451181928382046	0	0.44411391836439	0.9903932781858	0	0	0	0
"16"	0.0410809635970725	0.545899597523692	0.989128328612428	0	0	0	0.925127051494495	0.605522863702589	0	0.990289483910976	0.997890959415867	0	0.985868064600052	0.681530479253956	0	0	0	0.925724814173732	0.492407476404329	0.999980361224888	0.524269267336652	0.88335016212912	0.63432278960965	0.678844763147686	0.321784661952256	0.992750932987122	0	0.511668788400319	0.629126407392858	0	0.774860415397509	0	0.99633696120961	0.612867723326406	0	0.50625208433776	0	0.999885589631273	0.499494212261193	0.500828386185761	0	0.999475919856933	0.464425365413246	0	0.44477004259311	0.991785732249315	0	0	0	0
"17"	0.0413958129250957	0.546260635183028	0.991662345459456	0	0	0	0.928644344971793	0.605825113632449	0	0.990491193138982	0.998214493321431	0	0.989125553500137	0.689867314142674	0	0	0	0.927113447057069	0.494440663901144	0.999984691953495	0.524306957725656	0.884417034362036	0.637126854481582	0.680551879415986	0.323215104551908	0.994202163539454	0	0.512844357648296	0.630525625538066	0	0.771639251761155	0	0.996984655887411	0.613631596315606	0	0.507970416485884	0	0.999935131078487	0.504206035662666	0.503677126495974	0	0.99958001622865	0.476482800111342	0	0.445315449815238	0.992824820044896	0	0	0	0
"18"	0.0416540122787917	0.546521554889715	0.993605719574547	0	0	0	0.93124042083731	0.606054157261262	0	0.990636771773723	0.998488396039792	0	0.991632173277638	0.696831836174699	0	0	0	0.928259870274356	0.496057064490061	0.9999867439747	0.524337173714409	0.885208476973858	0.639255821819265	0.681968367418011	0.324404712564178	0.995362864274325	0	0.513723938193686	0.63166360148175	0	0.76878180267549	0	0.997517825871465	0.614231384275672	0	0.509447620979865	0	0.999963204509101	0.508148898509692	0.505911693558696	0	0.999663436269184	0.487200645573753	0	0.44576854776826	0.993600411148654	0	0	0	0
"19"	0.0418658557387123	0.546710296478482	0.995096121245277	0	0	0	0.933147030910283	0.60622772548648	0	0.990741854213221	0.998720281161677	0	0.993561003398531	0.702555789815402	0	0	0	0.929206397991025	0.497342110938403	0.99998773401231	0.524361396528796	0.885796683528617	0.640870590637855	0.68314176913942	0.325394260847294	0.996291197952088	0	0.514382057625081	0.632589198635802	0	0.766276766645284	0	0.997956721298028	0.614702423106424	0	0.510717534738619	0	0.999979113961401	0.511448245479609	0.507664250838289	0	0.999730286852425	0.4965417642421	0	0.446144804119425	0.994179481292181	0	0	0	0
"20"	0.0420397384622085	0.546846963249566	0.996239131913507	0	0	0	0.934540845958475	0.606359254717148	0	0.990817716508857	0.99891659432955	0	0.995045227691905	0.707194226510734	0	0	0	0.929987931834001	0.498363724915638	0.999988224462682	0.524380815024689	0.886234713929631	0.64209473736966	0.684111442817487	0.326217551135132	0.997033683442464	0	0.514874477766484	0.633342138817057	0	0.764100727921807	0	0.998318011703637	0.615072422114381	0	0.511809246339469	0	0.999988130926647	0.514209070857081	0.509038570019104	0	0.99978385911918	0.504556109770193	0	0.446457162573281	0.994611951568803	0	0	0	0
"21"	0.0421825149093788	0.546946026951624	0.997115723270994	0	0	0	0.935555366739741	0.606458926969133	0	0.990872491928522	0.999082792398133	0	0.996187330085022	0.710907053409704	0	0	0	0.930633265712784	0.499175905966374	0.999988476492996	0.524396382778524	0.886561597104101	0.643022638129324	0.684910467637771	0.326902612730432	0.997627526676851	0	0.515242919650355	0.633954708443865	0	0.762224139661989	0	0.998615419117142	0.61536311313201	0	0.512747762359748	0	0.999993242152504	0.51651924796301	0.510116123377204	0	0.999826790496564	0.511349533611891	0	0.44671642480689	0.994935036860786	0	0	0	0
